13.360000
13.355000
13.350000
13.350000
13.349000
13.341000
13.341000
13.340000
13.340000
13.340000
13.324000
13.324000
13.324000
13.323000
13.323000
13.323000
13.323000
13.323000
13.323000
13.323000
13.323000
13.323000
13.323000
13.323000
13.322000
13.322000
13.322000
13.322000
13.322000
13.322000
13.322000
13.322000
13.322000
13.322000
13.322000
13.322000
13.322000
13.322000
13.322000
13.322000
13.322000
13.322000
13.322000
13.321000
13.321000
13.321000
13.321000
13.321000
13.321000
13.321000
13.321000
13.321000
13.321000
13.321000
13.321000
13.321000
13.321000
13.321000
13.321000
13.321000
13.321000
13.321000
13.321000
13.321000
13.321000
13.321000
13.321000
13.321000
13.320000
13.320000
13.320000
13.320000
13.320000
13.320000
13.320000
13.320000
13.320000
13.320000
13.320000
13.320000
13.320000
13.320000
13.320000
13.320000
13.320000
13.320000
13.320000
13.320000
13.320000
13.320000
13.320000
13.320000
13.320000
13.320000
13.320000
13.320000
13.320000
13.320000
13.320000
13.319000
