3422
0 0 1 60
1 1 61 60
2 1 2 61
3 2 62 61
4 2 3 62
5 3 63 62
6 3 4 63
7 4 64 63
8 4 5 64
9 5 65 64
10 5 6 65
11 6 66 65
12 6 7 66
13 7 67 66
14 7 8 67
15 8 68 67
16 8 9 68
17 9 69 68
18 9 10 69
19 10 70 69
20 10 11 70
21 11 71 70
22 11 12 71
23 12 72 71
24 12 13 72
25 13 73 72
26 13 14 73
27 14 74 73
28 14 15 74
29 15 75 74
30 15 16 75
31 16 76 75
32 16 17 76
33 17 77 76
34 17 18 77
35 18 78 77
36 18 19 78
37 19 79 78
38 19 20 79
39 20 80 79
40 20 21 80
41 21 81 80
42 21 22 81
43 22 82 81
44 22 23 82
45 23 83 82
46 23 24 83
47 24 84 83
48 24 25 84
49 25 85 84
50 25 26 85
51 26 86 85
52 26 27 86
53 27 87 86
54 27 28 87
55 28 88 87
56 28 29 88
57 29 89 88
58 29 30 89
59 30 90 89
60 30 31 90
61 31 91 90
62 31 32 91
63 32 92 91
64 32 33 92
65 33 93 92
66 33 34 93
67 34 94 93
68 34 35 94
69 35 95 94
70 35 36 95
71 36 96 95
72 36 37 96
73 37 97 96
74 37 38 97
75 38 98 97
76 38 39 98
77 39 99 98
78 39 40 99
79 40 100 99
80 40 41 100
81 41 101 100
82 41 42 101
83 42 102 101
84 42 43 102
85 43 103 102
86 43 44 103
87 44 104 103
88 44 45 104
89 45 105 104
90 45 46 105
91 46 106 105
92 46 47 106
93 47 107 106
94 47 48 107
95 48 108 107
96 48 49 108
97 49 109 108
98 49 50 109
99 50 110 109
100 50 51 110
101 51 111 110
102 51 52 111
103 52 112 111
104 52 53 112
105 53 113 112
106 53 54 113
107 54 114 113
108 54 55 114
109 55 115 114
110 55 56 115
111 56 116 115
112 56 57 116
113 57 117 116
114 57 58 117
115 58 118 117
116 58 59 118
117 59 119 118
118 60 61 120
119 61 121 120
120 61 62 121
121 62 122 121
122 62 63 122
123 63 123 122
124 63 64 123
125 64 124 123
126 64 65 124
127 65 125 124
128 65 66 125
129 66 126 125
130 66 67 126
131 67 127 126
132 67 68 127
133 68 128 127
134 68 69 128
135 69 129 128
136 69 70 129
137 70 130 129
138 70 71 130
139 71 131 130
140 71 72 131
141 72 132 131
142 72 73 132
143 73 133 132
144 73 74 133
145 74 134 133
146 74 75 134
147 75 135 134
148 75 76 135
149 76 136 135
150 76 77 136
151 77 137 136
152 77 78 137
153 78 138 137
154 78 79 138
155 79 139 138
156 79 80 139
157 80 140 139
158 80 81 140
159 81 141 140
160 81 82 141
161 82 142 141
162 82 83 142
163 83 143 142
164 83 84 143
165 84 144 143
166 84 85 144
167 85 145 144
168 85 86 145
169 86 146 145
170 86 87 146
171 87 147 146
172 87 88 147
173 88 148 147
174 88 89 148
175 89 149 148
176 89 90 149
177 90 150 149
178 90 91 150
179 91 151 150
180 91 92 151
181 92 152 151
182 92 93 152
183 93 153 152
184 93 94 153
185 94 154 153
186 94 95 154
187 95 155 154
188 95 96 155
189 96 156 155
190 96 97 156
191 97 157 156
192 97 98 157
193 98 158 157
194 98 99 158
195 99 159 158
196 99 100 159
197 100 160 159
198 100 101 160
199 101 161 160
200 101 102 161
201 102 162 161
202 102 103 162
203 103 163 162
204 103 104 163
205 104 164 163
206 104 105 164
207 105 165 164
208 105 106 165
209 106 166 165
210 106 107 166
211 107 167 166
212 107 108 167
213 108 168 167
214 108 109 168
215 109 169 168
216 109 110 169
217 110 170 169
218 110 111 170
219 111 171 170
220 111 112 171
221 112 172 171
222 112 113 172
223 113 173 172
224 113 114 173
225 114 174 173
226 114 115 174
227 115 175 174
228 115 116 175
229 116 176 175
230 116 117 176
231 117 177 176
232 117 118 177
233 118 178 177
234 118 119 178
235 119 179 178
236 120 121 180
237 121 181 180
238 121 122 181
239 122 182 181
240 122 123 182
241 123 183 182
242 123 124 183
243 124 184 183
244 124 125 184
245 125 185 184
246 125 126 185
247 126 186 185
248 126 127 186
249 127 187 186
250 127 128 187
251 128 188 187
252 128 129 188
253 129 189 188
254 129 130 189
255 130 190 189
256 130 131 190
257 131 191 190
258 131 132 191
259 132 192 191
260 132 133 192
261 133 193 192
262 133 134 193
263 134 194 193
264 134 135 194
265 135 195 194
266 135 136 195
267 136 196 195
268 136 137 196
269 137 197 196
270 137 138 197
271 138 198 197
272 138 139 198
273 139 199 198
274 139 140 199
275 140 200 199
276 140 141 200
277 141 201 200
278 141 142 201
279 142 202 201
280 142 143 202
281 143 203 202
282 143 144 203
283 144 204 203
284 144 145 204
285 145 205 204
286 145 146 205
287 146 206 205
288 146 147 206
289 147 207 206
290 147 148 207
291 148 208 207
292 148 149 208
293 149 209 208
294 149 150 209
295 150 210 209
296 150 151 210
297 151 211 210
298 151 152 211
299 152 212 211
300 152 153 212
301 153 213 212
302 153 154 213
303 154 214 213
304 154 155 214
305 155 215 214
306 155 156 215
307 156 216 215
308 156 157 216
309 157 217 216
310 157 158 217
311 158 218 217
312 158 159 218
313 159 219 218
314 159 160 219
315 160 220 219
316 160 161 220
317 161 221 220
318 161 162 221
319 162 222 221
320 162 163 222
321 163 223 222
322 163 164 223
323 164 224 223
324 164 165 224
325 165 225 224
326 165 166 225
327 166 226 225
328 166 167 226
329 167 227 226
330 167 168 227
331 168 228 227
332 168 169 228
333 169 229 228
334 169 170 229
335 170 230 229
336 170 171 230
337 171 231 230
338 171 172 231
339 172 232 231
340 172 173 232
341 173 233 232
342 173 174 233
343 174 234 233
344 174 175 234
345 175 235 234
346 175 176 235
347 176 236 235
348 176 177 236
349 177 237 236
350 177 178 237
351 178 238 237
352 178 179 238
353 179 239 238
354 180 181 240
355 181 241 240
356 181 182 241
357 182 242 241
358 182 183 242
359 183 243 242
360 183 184 243
361 184 244 243
362 184 185 244
363 185 245 244
364 185 186 245
365 186 246 245
366 186 187 246
367 187 247 246
368 187 188 247
369 188 248 247
370 188 189 248
371 189 249 248
372 189 190 249
373 190 250 249
374 190 191 250
375 191 251 250
376 191 192 251
377 192 252 251
378 192 193 252
379 193 253 252
380 193 194 253
381 194 254 253
382 194 195 254
383 195 255 254
384 195 196 255
385 196 256 255
386 196 197 256
387 197 257 256
388 197 198 257
389 198 258 257
390 198 199 258
391 199 259 258
392 199 200 259
393 200 260 259
394 200 201 260
395 201 261 260
396 201 202 261
397 202 262 261
398 202 203 262
399 203 263 262
400 203 204 263
401 204 264 263
402 204 205 264
403 205 265 264
404 205 206 265
405 206 266 265
406 206 207 266
407 207 267 266
408 207 208 267
409 208 268 267
410 208 209 268
411 209 269 268
412 209 210 269
413 210 270 269
414 210 211 270
415 211 271 270
416 211 212 271
417 212 272 271
418 212 213 272
419 213 273 272
420 213 214 273
421 214 274 273
422 214 215 274
423 215 275 274
424 215 216 275
425 216 276 275
426 216 217 276
427 217 277 276
428 217 218 277
429 218 278 277
430 218 219 278
431 219 279 278
432 219 220 279
433 220 280 279
434 220 221 280
435 221 281 280
436 221 222 281
437 222 282 281
438 222 223 282
439 223 283 282
440 223 224 283
441 224 284 283
442 224 225 284
443 225 285 284
444 225 226 285
445 226 286 285
446 226 227 286
447 227 287 286
448 227 228 287
449 228 288 287
450 228 229 288
451 229 289 288
452 229 230 289
453 230 290 289
454 230 231 290
455 231 291 290
456 231 232 291
457 232 292 291
458 232 233 292
459 233 293 292
460 233 234 293
461 234 294 293
462 234 235 294
463 235 295 294
464 235 236 295
465 236 296 295
466 236 237 296
467 237 297 296
468 237 238 297
469 238 298 297
470 238 239 298
471 239 299 298
472 240 241 300
473 241 301 300
474 241 242 301
475 242 302 301
476 242 243 302
477 243 303 302
478 243 244 303
479 244 304 303
480 244 245 304
481 245 305 304
482 245 246 305
483 246 306 305
484 246 247 306
485 247 307 306
486 247 248 307
487 248 308 307
488 248 249 308
489 249 309 308
490 249 250 309
491 250 310 309
492 250 251 310
493 251 311 310
494 251 252 311
495 252 312 311
496 252 253 312
497 253 313 312
498 253 254 313
499 254 314 313
500 254 255 314
501 255 315 314
502 255 256 315
503 256 316 315
504 256 257 316
505 257 317 316
506 257 258 317
507 258 318 317
508 258 259 318
509 259 319 318
510 259 260 319
511 260 320 319
512 260 261 320
513 261 321 320
514 261 262 321
515 262 322 321
516 262 263 322
517 263 323 322
518 263 264 323
519 264 324 323
520 264 265 324
521 265 325 324
522 265 266 325
523 266 326 325
524 266 267 326
525 267 327 326
526 267 268 327
527 268 328 327
528 268 269 328
529 269 329 328
530 269 270 329
531 270 330 329
532 270 271 330
533 271 331 330
534 271 272 331
535 272 332 331
536 272 273 332
537 273 333 332
538 273 274 333
539 274 334 333
540 274 275 334
541 275 335 334
542 275 276 335
543 276 336 335
544 276 277 336
545 277 337 336
546 277 278 337
547 278 338 337
548 278 279 338
549 279 339 338
550 279 280 339
551 280 340 339
552 280 281 340
553 281 341 340
554 281 282 341
555 282 342 341
556 282 283 342
557 283 343 342
558 283 284 343
559 284 344 343
560 284 285 344
561 285 345 344
562 285 286 345
563 286 346 345
564 286 287 346
565 287 347 346
566 287 288 347
567 288 348 347
568 288 289 348
569 289 349 348
570 289 290 349
571 290 350 349
572 290 291 350
573 291 351 350
574 291 292 351
575 292 352 351
576 292 293 352
577 293 353 352
578 293 294 353
579 294 354 353
580 294 295 354
581 295 355 354
582 295 296 355
583 296 356 355
584 296 297 356
585 297 357 356
586 297 298 357
587 298 358 357
588 298 299 358
589 299 359 358
590 300 301 360
591 301 361 360
592 301 302 361
593 302 362 361
594 302 303 362
595 303 363 362
596 303 304 363
597 304 364 363
598 304 305 364
599 305 365 364
600 305 306 365
601 306 366 365
602 306 307 366
603 307 367 366
604 307 308 367
605 308 368 367
606 308 309 368
607 309 369 368
608 309 310 369
609 310 370 369
610 310 311 370
611 311 371 370
612 311 312 371
613 312 372 371
614 312 313 372
615 313 373 372
616 313 314 373
617 314 374 373
618 314 315 374
619 315 375 374
620 315 316 375
621 316 376 375
622 316 317 376
623 317 377 376
624 317 318 377
625 318 378 377
626 318 319 378
627 319 379 378
628 319 320 379
629 320 380 379
630 320 321 380
631 321 381 380
632 321 322 381
633 322 382 381
634 322 323 382
635 323 383 382
636 323 324 383
637 324 384 383
638 324 325 384
639 325 385 384
640 325 326 385
641 326 386 385
642 326 327 386
643 327 387 386
644 327 328 387
645 328 388 387
646 328 329 388
647 329 389 388
648 329 330 389
649 330 390 389
650 330 331 390
651 331 391 390
652 331 332 391
653 332 392 391
654 332 333 392
655 333 393 392
656 333 334 393
657 334 394 393
658 334 335 394
659 335 395 394
660 335 336 395
661 336 396 395
662 336 337 396
663 337 397 396
664 337 338 397
665 338 398 397
666 338 339 398
667 339 399 398
668 339 340 399
669 340 400 399
670 340 341 400
671 341 401 400
672 341 342 401
673 342 402 401
674 342 343 402
675 343 403 402
676 343 344 403
677 344 404 403
678 344 345 404
679 345 405 404
680 345 346 405
681 346 406 405
682 346 347 406
683 347 407 406
684 347 348 407
685 348 408 407
686 348 349 408
687 349 409 408
688 349 350 409
689 350 410 409
690 350 351 410
691 351 411 410
692 351 352 411
693 352 412 411
694 352 353 412
695 353 413 412
696 353 354 413
697 354 414 413
698 354 355 414
699 355 415 414
700 355 356 415
701 356 416 415
702 356 357 416
703 357 417 416
704 357 358 417
705 358 418 417
706 358 359 418
707 359 419 418
708 360 361 420
709 361 421 420
710 361 362 421
711 362 422 421
712 362 363 422
713 363 423 422
714 363 364 423
715 364 424 423
716 364 365 424
717 365 425 424
718 365 366 425
719 366 426 425
720 366 367 426
721 367 427 426
722 367 368 427
723 368 428 427
724 368 369 428
725 369 429 428
726 369 370 429
727 370 430 429
728 370 371 430
729 371 431 430
730 371 372 431
731 372 432 431
732 372 373 432
733 373 433 432
734 373 374 433
735 374 434 433
736 374 375 434
737 375 435 434
738 375 376 435
739 376 436 435
740 376 377 436
741 377 437 436
742 377 378 437
743 378 438 437
744 378 379 438
745 379 439 438
746 379 380 439
747 380 440 439
748 380 381 440
749 381 441 440
750 381 382 441
751 382 442 441
752 382 383 442
753 383 443 442
754 383 384 443
755 384 444 443
756 384 385 444
757 385 445 444
758 385 386 445
759 386 446 445
760 386 387 446
761 387 447 446
762 387 388 447
763 388 448 447
764 388 389 448
765 389 449 448
766 389 390 449
767 390 450 449
768 390 391 450
769 391 451 450
770 391 392 451
771 392 452 451
772 392 393 452
773 393 453 452
774 393 394 453
775 394 454 453
776 394 395 454
777 395 455 454
778 395 396 455
779 396 456 455
780 396 397 456
781 397 457 456
782 397 398 457
783 398 458 457
784 398 399 458
785 399 459 458
786 399 400 459
787 400 460 459
788 400 401 460
789 401 461 460
790 401 402 461
791 402 462 461
792 402 403 462
793 403 463 462
794 403 404 463
795 404 464 463
796 404 405 464
797 405 465 464
798 405 406 465
799 406 466 465
800 406 407 466
801 407 467 466
802 407 408 467
803 408 468 467
804 408 409 468
805 409 469 468
806 409 410 469
807 410 470 469
808 410 411 470
809 411 471 470
810 411 412 471
811 412 472 471
812 412 413 472
813 413 473 472
814 413 414 473
815 414 474 473
816 414 415 474
817 415 475 474
818 415 416 475
819 416 476 475
820 416 417 476
821 417 477 476
822 417 418 477
823 418 478 477
824 418 419 478
825 419 479 478
826 420 421 480
827 421 481 480
828 421 422 481
829 422 482 481
830 422 423 482
831 423 483 482
832 423 424 483
833 424 484 483
834 424 425 484
835 425 485 484
836 425 426 485
837 426 486 485
838 426 427 486
839 427 487 486
840 427 428 487
841 428 488 487
842 428 429 488
843 429 489 488
844 429 430 489
845 430 490 489
846 430 431 490
847 431 491 490
848 431 432 491
849 432 492 491
850 432 433 492
851 433 493 492
852 433 434 493
853 434 494 493
854 434 435 494
855 435 495 494
856 435 436 495
857 436 496 495
858 436 437 496
859 437 497 496
860 437 438 497
861 438 498 497
862 438 439 498
863 439 499 498
864 439 440 499
865 440 500 499
866 440 441 500
867 441 501 500
868 441 442 501
869 442 502 501
870 442 443 502
871 443 503 502
872 443 444 503
873 444 504 503
874 444 445 504
875 445 505 504
876 445 446 505
877 446 506 505
878 446 447 506
879 447 507 506
880 447 448 507
881 448 508 507
882 448 449 508
883 449 509 508
884 449 450 509
885 450 510 509
886 450 451 510
887 451 511 510
888 451 452 511
889 452 512 511
890 452 453 512
891 453 513 512
892 453 454 513
893 454 514 513
894 454 455 514
895 455 515 514
896 455 456 515
897 456 516 515
898 456 457 516
899 457 517 516
900 457 458 517
901 458 518 517
902 458 459 518
903 459 519 518
904 459 460 519
905 460 520 519
906 460 461 520
907 461 521 520
908 461 462 521
909 462 522 521
910 462 463 522
911 463 523 522
912 463 464 523
913 464 524 523
914 464 465 524
915 465 525 524
916 465 466 525
917 466 526 525
918 466 467 526
919 467 527 526
920 467 468 527
921 468 528 527
922 468 469 528
923 469 529 528
924 469 470 529
925 470 530 529
926 470 471 530
927 471 531 530
928 471 472 531
929 472 532 531
930 472 473 532
931 473 533 532
932 473 474 533
933 474 534 533
934 474 475 534
935 475 535 534
936 475 476 535
937 476 536 535
938 476 477 536
939 477 537 536
940 477 478 537
941 478 538 537
942 478 479 538
943 479 539 538
944 480 481 540
945 481 541 540
946 481 482 541
947 482 542 541
948 482 483 542
949 483 543 542
950 483 484 543
951 484 544 543
952 484 485 544
953 485 545 544
954 485 486 545
955 486 546 545
956 486 487 546
957 487 547 546
958 487 488 547
959 488 548 547
960 488 489 548
961 489 549 548
962 489 490 549
963 490 550 549
964 490 491 550
965 491 551 550
966 491 492 551
967 492 552 551
968 492 493 552
969 493 553 552
970 493 494 553
971 494 554 553
972 494 495 554
973 495 555 554
974 495 496 555
975 496 556 555
976 496 497 556
977 497 557 556
978 497 498 557
979 498 558 557
980 498 499 558
981 499 559 558
982 499 500 559
983 500 560 559
984 500 501 560
985 501 561 560
986 501 502 561
987 502 562 561
988 502 503 562
989 503 563 562
990 503 504 563
991 504 564 563
992 504 505 564
993 505 565 564
994 505 506 565
995 506 566 565
996 506 507 566
997 507 567 566
998 507 508 567
999 508 568 567
1000 508 509 568
1001 509 569 568
1002 509 510 569
1003 510 570 569
1004 510 511 570
1005 511 571 570
1006 511 512 571
1007 512 572 571
1008 512 513 572
1009 513 573 572
1010 513 514 573
1011 514 574 573
1012 514 515 574
1013 515 575 574
1014 515 516 575
1015 516 576 575
1016 516 517 576
1017 517 577 576
1018 517 518 577
1019 518 578 577
1020 518 519 578
1021 519 579 578
1022 519 520 579
1023 520 580 579
1024 520 521 580
1025 521 581 580
1026 521 522 581
1027 522 582 581
1028 522 523 582
1029 523 583 582
1030 523 524 583
1031 524 584 583
1032 524 525 584
1033 525 585 584
1034 525 526 585
1035 526 586 585
1036 526 527 586
1037 527 587 586
1038 527 528 587
1039 528 588 587
1040 528 529 588
1041 529 589 588
1042 529 530 589
1043 530 590 589
1044 530 531 590
1045 531 591 590
1046 531 532 591
1047 532 592 591
1048 532 533 592
1049 533 593 592
1050 533 534 593
1051 534 594 593
1052 534 535 594
1053 535 595 594
1054 535 536 595
1055 536 596 595
1056 536 537 596
1057 537 597 596
1058 537 538 597
1059 538 598 597
1060 538 539 598
1061 539 599 598
1062 540 541 600
1063 541 601 600
1064 541 542 601
1065 542 602 601
1066 542 543 602
1067 543 603 602
1068 543 544 603
1069 544 604 603
1070 544 545 604
1071 545 605 604
1072 545 546 605
1073 546 606 605
1074 546 547 606
1075 547 607 606
1076 547 548 607
1077 548 608 607
1078 548 549 608
1079 549 609 608
1080 549 550 609
1081 550 610 609
1082 550 551 610
1083 551 611 610
1084 551 552 611
1085 552 612 611
1086 552 553 612
1087 553 613 612
1088 553 554 613
1089 554 614 613
1090 554 555 614
1091 555 615 614
1092 555 556 615
1093 556 616 615
1094 556 557 616
1095 557 617 616
1096 557 558 617
1097 558 618 617
1098 558 559 618
1099 559 619 618
1100 559 560 619
1101 560 620 619
1102 560 561 620
1103 561 621 620
1104 561 562 621
1105 562 622 621
1106 562 563 622
1107 563 623 622
1108 563 564 623
1109 564 624 623
1110 564 565 624
1111 565 625 624
1112 565 566 625
1113 566 626 625
1114 566 567 626
1115 567 627 626
1116 567 568 627
1117 568 628 627
1118 568 569 628
1119 569 629 628
1120 569 570 629
1121 570 630 629
1122 570 571 630
1123 571 631 630
1124 571 572 631
1125 572 632 631
1126 572 573 632
1127 573 633 632
1128 573 574 633
1129 574 634 633
1130 574 575 634
1131 575 635 634
1132 575 576 635
1133 576 636 635
1134 576 577 636
1135 577 637 636
1136 577 578 637
1137 578 638 637
1138 578 579 638
1139 579 639 638
1140 579 580 639
1141 580 640 639
1142 580 581 640
1143 581 641 640
1144 581 582 641
1145 582 642 641
1146 582 583 642
1147 583 643 642
1148 583 584 643
1149 584 644 643
1150 584 585 644
1151 585 645 644
1152 585 586 645
1153 586 646 645
1154 586 587 646
1155 587 647 646
1156 587 588 647
1157 588 648 647
1158 588 589 648
1159 589 649 648
1160 589 590 649
1161 590 650 649
1162 590 591 650
1163 591 651 650
1164 591 592 651
1165 592 652 651
1166 592 593 652
1167 593 653 652
1168 593 594 653
1169 594 654 653
1170 594 595 654
1171 595 655 654
1172 595 596 655
1173 596 656 655
1174 596 597 656
1175 597 657 656
1176 597 598 657
1177 598 658 657
1178 598 599 658
1179 599 659 658
1180 600 601 660
1181 601 661 660
1182 601 602 661
1183 602 662 661
1184 602 603 662
1185 603 663 662
1186 603 604 663
1187 604 664 663
1188 604 605 664
1189 605 665 664
1190 605 606 665
1191 606 666 665
1192 606 607 666
1193 607 667 666
1194 607 608 667
1195 608 668 667
1196 608 609 668
1197 609 669 668
1198 609 610 669
1199 610 670 669
1200 610 611 670
1201 611 671 670
1202 611 612 671
1203 612 672 671
1204 612 613 672
1205 613 673 672
1206 613 614 673
1207 614 674 673
1208 614 615 674
1209 615 675 674
1210 615 616 675
1211 616 676 675
1212 616 617 676
1213 617 677 676
1214 617 618 677
1215 618 678 677
1216 618 619 678
1217 619 679 678
1218 619 620 679
1219 620 680 679
1220 620 621 680
1221 621 681 680
1222 621 622 681
1223 622 682 681
1224 622 623 682
1225 623 683 682
1226 623 624 683
1227 624 684 683
1228 624 625 684
1229 625 685 684
1230 625 626 685
1231 626 686 685
1232 626 627 686
1233 627 687 686
1234 627 628 687
1235 628 688 687
1236 628 629 688
1237 629 689 688
1238 629 630 689
1239 630 690 689
1240 630 631 690
1241 631 691 690
1242 631 632 691
1243 632 692 691
1244 632 633 692
1245 633 693 692
1246 633 634 693
1247 634 694 693
1248 634 635 694
1249 635 695 694
1250 635 636 695
1251 636 696 695
1252 636 637 696
1253 637 697 696
1254 637 638 697
1255 638 698 697
1256 638 639 698
1257 639 699 698
1258 639 640 699
1259 640 700 699
1260 640 641 700
1261 641 701 700
1262 641 642 701
1263 642 702 701
1264 642 643 702
1265 643 703 702
1266 643 644 703
1267 644 704 703
1268 644 645 704
1269 645 705 704
1270 645 646 705
1271 646 706 705
1272 646 647 706
1273 647 707 706
1274 647 648 707
1275 648 708 707
1276 648 649 708
1277 649 709 708
1278 649 650 709
1279 650 710 709
1280 650 651 710
1281 651 711 710
1282 651 652 711
1283 652 712 711
1284 652 653 712
1285 653 713 712
1286 653 654 713
1287 654 714 713
1288 654 655 714
1289 655 715 714
1290 655 656 715
1291 656 716 715
1292 656 657 716
1293 657 717 716
1294 657 658 717
1295 658 718 717
1296 658 659 718
1297 659 719 718
1298 660 661 720
1299 661 721 720
1300 661 662 721
1301 662 722 721
1302 662 663 722
1303 663 723 722
1304 663 664 723
1305 664 724 723
1306 664 665 724
1307 665 725 724
1308 665 666 725
1309 666 726 725
1310 666 667 726
1311 667 727 726
1312 667 668 727
1313 668 728 727
1314 668 669 728
1315 669 729 728
1316 669 670 729
1317 670 730 729
1318 670 671 730
1319 671 731 730
1320 671 672 731
1321 672 732 731
1322 672 673 732
1323 673 733 732
1324 673 674 733
1325 674 734 733
1326 674 675 734
1327 675 735 734
1328 675 676 735
1329 676 736 735
1330 676 677 736
1331 677 737 736
1332 677 678 737
1333 678 738 737
1334 678 679 738
1335 679 739 738
1336 679 680 739
1337 680 740 739
1338 680 681 740
1339 681 741 740
1340 681 682 741
1341 682 742 741
1342 682 683 742
1343 683 743 742
1344 683 684 743
1345 684 744 743
1346 684 685 744
1347 685 745 744
1348 685 686 745
1349 686 746 745
1350 686 687 746
1351 687 747 746
1352 687 688 747
1353 688 748 747
1354 688 689 748
1355 689 749 748
1356 689 690 749
1357 690 750 749
1358 690 691 750
1359 691 751 750
1360 691 692 751
1361 692 752 751
1362 692 693 752
1363 693 753 752
1364 693 694 753
1365 694 754 753
1366 694 695 754
1367 695 755 754
1368 695 696 755
1369 696 756 755
1370 696 697 756
1371 697 757 756
1372 697 698 757
1373 698 758 757
1374 698 699 758
1375 699 759 758
1376 699 700 759
1377 700 760 759
1378 700 701 760
1379 701 761 760
1380 701 702 761
1381 702 762 761
1382 702 703 762
1383 703 763 762
1384 703 704 763
1385 704 764 763
1386 704 705 764
1387 705 765 764
1388 705 706 765
1389 706 766 765
1390 706 707 766
1391 707 767 766
1392 707 708 767
1393 708 768 767
1394 708 709 768
1395 709 769 768
1396 709 710 769
1397 710 770 769
1398 710 711 770
1399 711 771 770
1400 711 712 771
1401 712 772 771
1402 712 713 772
1403 713 773 772
1404 713 714 773
1405 714 774 773
1406 714 715 774
1407 715 775 774
1408 715 716 775
1409 716 776 775
1410 716 717 776
1411 717 777 776
1412 717 718 777
1413 718 778 777
1414 718 719 778
1415 719 779 778
1416 720 721 780
1417 721 781 780
1418 721 722 781
1419 722 782 781
1420 722 723 782
1421 723 783 782
1422 723 724 783
1423 724 784 783
1424 724 725 784
1425 725 785 784
1426 725 726 785
1427 726 786 785
1428 726 727 786
1429 727 787 786
1430 727 728 787
1431 728 788 787
1432 728 729 788
1433 729 789 788
1434 729 730 789
1435 730 790 789
1436 730 731 790
1437 731 791 790
1438 731 732 791
1439 732 792 791
1440 732 733 792
1441 733 793 792
1442 733 734 793
1443 734 794 793
1444 734 735 794
1445 735 795 794
1446 735 736 795
1447 736 796 795
1448 736 737 796
1449 737 797 796
1450 737 738 797
1451 738 798 797
1452 738 739 798
1453 739 799 798
1454 739 740 799
1455 740 800 799
1456 740 741 800
1457 741 801 800
1458 741 742 801
1459 742 802 801
1460 742 743 802
1461 743 803 802
1462 743 744 803
1463 744 804 803
1464 744 745 804
1465 745 805 804
1466 745 746 805
1467 746 806 805
1468 746 747 806
1469 747 807 806
1470 747 748 807
1471 748 808 807
1472 748 749 808
1473 749 809 808
1474 749 750 809
1475 750 810 809
1476 750 751 810
1477 751 811 810
1478 751 752 811
1479 752 812 811
1480 752 753 812
1481 753 813 812
1482 753 754 813
1483 754 814 813
1484 754 755 814
1485 755 815 814
1486 755 756 815
1487 756 816 815
1488 756 757 816
1489 757 817 816
1490 757 758 817
1491 758 818 817
1492 758 759 818
1493 759 819 818
1494 759 760 819
1495 760 820 819
1496 760 761 820
1497 761 821 820
1498 761 762 821
1499 762 822 821
1500 762 763 822
1501 763 823 822
1502 763 764 823
1503 764 824 823
1504 764 765 824
1505 765 825 824
1506 765 766 825
1507 766 826 825
1508 766 767 826
1509 767 827 826
1510 767 768 827
1511 768 828 827
1512 768 769 828
1513 769 829 828
1514 769 770 829
1515 770 830 829
1516 770 771 830
1517 771 831 830
1518 771 772 831
1519 772 832 831
1520 772 773 832
1521 773 833 832
1522 773 774 833
1523 774 834 833
1524 774 775 834
1525 775 835 834
1526 775 776 835
1527 776 836 835
1528 776 777 836
1529 777 837 836
1530 777 778 837
1531 778 838 837
1532 778 779 838
1533 779 839 838
1534 780 781 840
1535 781 841 840
1536 781 782 841
1537 782 842 841
1538 782 783 842
1539 783 843 842
1540 783 784 843
1541 784 844 843
1542 784 785 844
1543 785 845 844
1544 785 786 845
1545 786 846 845
1546 786 787 846
1547 787 847 846
1548 787 788 847
1549 788 848 847
1550 788 789 848
1551 789 849 848
1552 789 790 849
1553 790 850 849
1554 790 791 850
1555 791 851 850
1556 791 792 851
1557 792 852 851
1558 792 793 852
1559 793 853 852
1560 793 794 853
1561 794 854 853
1562 794 795 854
1563 795 855 854
1564 795 796 855
1565 796 856 855
1566 796 797 856
1567 797 857 856
1568 797 798 857
1569 798 858 857
1570 798 799 858
1571 799 859 858
1572 799 800 859
1573 800 860 859
1574 800 801 860
1575 801 861 860
1576 801 802 861
1577 802 862 861
1578 802 803 862
1579 803 863 862
1580 803 804 863
1581 804 864 863
1582 804 805 864
1583 805 865 864
1584 805 806 865
1585 806 866 865
1586 806 807 866
1587 807 867 866
1588 807 808 867
1589 808 868 867
1590 808 809 868
1591 809 869 868
1592 809 810 869
1593 810 870 869
1594 810 811 870
1595 811 871 870
1596 811 812 871
1597 812 872 871
1598 812 813 872
1599 813 873 872
1600 813 814 873
1601 814 874 873
1602 814 815 874
1603 815 875 874
1604 815 816 875
1605 816 876 875
1606 816 817 876
1607 817 877 876
1608 817 818 877
1609 818 878 877
1610 818 819 878
1611 819 879 878
1612 819 820 879
1613 820 880 879
1614 820 821 880
1615 821 881 880
1616 821 822 881
1617 822 882 881
1618 822 823 882
1619 823 883 882
1620 823 824 883
1621 824 884 883
1622 824 825 884
1623 825 885 884
1624 825 826 885
1625 826 886 885
1626 826 827 886
1627 827 887 886
1628 827 828 887
1629 828 888 887
1630 828 829 888
1631 829 889 888
1632 829 830 889
1633 830 890 889
1634 830 831 890
1635 831 891 890
1636 831 832 891
1637 832 892 891
1638 832 833 892
1639 833 893 892
1640 833 834 893
1641 834 894 893
1642 834 835 894
1643 835 895 894
1644 835 836 895
1645 836 896 895
1646 836 837 896
1647 837 897 896
1648 837 838 897
1649 838 898 897
1650 838 839 898
1651 839 899 898
1652 840 841 900
1653 841 901 900
1654 841 842 901
1655 842 902 901
1656 842 843 902
1657 843 903 902
1658 843 844 903
1659 844 904 903
1660 844 845 904
1661 845 905 904
1662 845 846 905
1663 846 906 905
1664 846 847 906
1665 847 907 906
1666 847 848 907
1667 848 908 907
1668 848 849 908
1669 849 909 908
1670 849 850 909
1671 850 910 909
1672 850 851 910
1673 851 911 910
1674 851 852 911
1675 852 912 911
1676 852 853 912
1677 853 913 912
1678 853 854 913
1679 854 914 913
1680 854 855 914
1681 855 915 914
1682 855 856 915
1683 856 916 915
1684 856 857 916
1685 857 917 916
1686 857 858 917
1687 858 918 917
1688 858 859 918
1689 859 919 918
1690 859 860 919
1691 860 920 919
1692 860 861 920
1693 861 921 920
1694 861 862 921
1695 862 922 921
1696 862 863 922
1697 863 923 922
1698 863 864 923
1699 864 924 923
1700 864 865 924
1701 865 925 924
1702 865 866 925
1703 866 926 925
1704 866 867 926
1705 867 927 926
1706 867 868 927
1707 868 928 927
1708 868 869 928
1709 869 929 928
1710 869 870 929
1711 870 930 929
1712 870 871 930
1713 871 931 930
1714 871 872 931
1715 872 932 931
1716 872 873 932
1717 873 933 932
1718 873 874 933
1719 874 934 933
1720 874 875 934
1721 875 935 934
1722 875 876 935
1723 876 936 935
1724 876 877 936
1725 877 937 936
1726 877 878 937
1727 878 938 937
1728 878 879 938
1729 879 939 938
1730 879 880 939
1731 880 940 939
1732 880 881 940
1733 881 941 940
1734 881 882 941
1735 882 942 941
1736 882 883 942
1737 883 943 942
1738 883 884 943
1739 884 944 943
1740 884 885 944
1741 885 945 944
1742 885 886 945
1743 886 946 945
1744 886 887 946
1745 887 947 946
1746 887 888 947
1747 888 948 947
1748 888 889 948
1749 889 949 948
1750 889 890 949
1751 890 950 949
1752 890 891 950
1753 891 951 950
1754 891 892 951
1755 892 952 951
1756 892 893 952
1757 893 953 952
1758 893 894 953
1759 894 954 953
1760 894 895 954
1761 895 955 954
1762 895 896 955
1763 896 956 955
1764 896 897 956
1765 897 957 956
1766 897 898 957
1767 898 958 957
1768 898 899 958
1769 899 959 958
1770 900 901 960
1771 901 961 960
1772 901 902 961
1773 902 962 961
1774 902 903 962
1775 903 963 962
1776 903 904 963
1777 904 964 963
1778 904 905 964
1779 905 965 964
1780 905 906 965
1781 906 966 965
1782 906 907 966
1783 907 967 966
1784 907 908 967
1785 908 968 967
1786 908 909 968
1787 909 969 968
1788 909 910 969
1789 910 970 969
1790 910 911 970
1791 911 971 970
1792 911 912 971
1793 912 972 971
1794 912 913 972
1795 913 973 972
1796 913 914 973
1797 914 974 973
1798 914 915 974
1799 915 975 974
1800 915 916 975
1801 916 976 975
1802 916 917 976
1803 917 977 976
1804 917 918 977
1805 918 978 977
1806 918 919 978
1807 919 979 978
1808 919 920 979
1809 920 980 979
1810 920 921 980
1811 921 981 980
1812 921 922 981
1813 922 982 981
1814 922 923 982
1815 923 983 982
1816 923 924 983
1817 924 984 983
1818 924 925 984
1819 925 985 984
1820 925 926 985
1821 926 986 985
1822 926 927 986
1823 927 987 986
1824 927 928 987
1825 928 988 987
1826 928 929 988
1827 929 989 988
1828 929 930 989
1829 930 990 989
1830 930 931 990
1831 931 991 990
1832 931 932 991
1833 932 992 991
1834 932 933 992
1835 933 993 992
1836 933 934 993
1837 934 994 993
1838 934 935 994
1839 935 995 994
1840 935 936 995
1841 936 996 995
1842 936 937 996
1843 937 997 996
1844 937 938 997
1845 938 998 997
1846 938 939 998
1847 939 999 998
1848 939 940 999
1849 940 1000 999
1850 940 941 1000
1851 941 1001 1000
1852 941 942 1001
1853 942 1002 1001
1854 942 943 1002
1855 943 1003 1002
1856 943 944 1003
1857 944 1004 1003
1858 944 945 1004
1859 945 1005 1004
1860 945 946 1005
1861 946 1006 1005
1862 946 947 1006
1863 947 1007 1006
1864 947 948 1007
1865 948 1008 1007
1866 948 949 1008
1867 949 1009 1008
1868 949 950 1009
1869 950 1010 1009
1870 950 951 1010
1871 951 1011 1010
1872 951 952 1011
1873 952 1012 1011
1874 952 953 1012
1875 953 1013 1012
1876 953 954 1013
1877 954 1014 1013
1878 954 955 1014
1879 955 1015 1014
1880 955 956 1015
1881 956 1016 1015
1882 956 957 1016
1883 957 1017 1016
1884 957 958 1017
1885 958 1018 1017
1886 958 959 1018
1887 959 1019 1018
1888 960 961 1020
1889 961 1021 1020
1890 961 962 1021
1891 962 1022 1021
1892 962 963 1022
1893 963 1023 1022
1894 963 964 1023
1895 964 1024 1023
1896 964 965 1024
1897 965 1025 1024
1898 965 966 1025
1899 966 1026 1025
1900 966 967 1026
1901 967 1027 1026
1902 967 968 1027
1903 968 1028 1027
1904 968 969 1028
1905 969 1029 1028
1906 969 970 1029
1907 970 1030 1029
1908 970 971 1030
1909 971 1031 1030
1910 971 972 1031
1911 972 1032 1031
1912 972 973 1032
1913 973 1033 1032
1914 973 974 1033
1915 974 1034 1033
1916 974 975 1034
1917 975 1035 1034
1918 975 976 1035
1919 976 1036 1035
1920 976 977 1036
1921 977 1037 1036
1922 977 978 1037
1923 978 1038 1037
1924 978 979 1038
1925 979 1039 1038
1926 979 980 1039
1927 980 1040 1039
1928 980 981 1040
1929 981 1041 1040
1930 981 982 1041
1931 982 1042 1041
1932 982 983 1042
1933 983 1043 1042
1934 983 984 1043
1935 984 1044 1043
1936 984 985 1044
1937 985 1045 1044
1938 985 986 1045
1939 986 1046 1045
1940 986 987 1046
1941 987 1047 1046
1942 987 988 1047
1943 988 1048 1047
1944 988 989 1048
1945 989 1049 1048
1946 989 990 1049
1947 990 1050 1049
1948 990 991 1050
1949 991 1051 1050
1950 991 992 1051
1951 992 1052 1051
1952 992 993 1052
1953 993 1053 1052
1954 993 994 1053
1955 994 1054 1053
1956 994 995 1054
1957 995 1055 1054
1958 995 996 1055
1959 996 1056 1055
1960 996 997 1056
1961 997 1057 1056
1962 997 998 1057
1963 998 1058 1057
1964 998 999 1058
1965 999 1059 1058
1966 999 1000 1059
1967 1000 1060 1059
1968 1000 1001 1060
1969 1001 1061 1060
1970 1001 1002 1061
1971 1002 1062 1061
1972 1002 1003 1062
1973 1003 1063 1062
1974 1003 1004 1063
1975 1004 1064 1063
1976 1004 1005 1064
1977 1005 1065 1064
1978 1005 1006 1065
1979 1006 1066 1065
1980 1006 1007 1066
1981 1007 1067 1066
1982 1007 1008 1067
1983 1008 1068 1067
1984 1008 1009 1068
1985 1009 1069 1068
1986 1009 1010 1069
1987 1010 1070 1069
1988 1010 1011 1070
1989 1011 1071 1070
1990 1011 1012 1071
1991 1012 1072 1071
1992 1012 1013 1072
1993 1013 1073 1072
1994 1013 1014 1073
1995 1014 1074 1073
1996 1014 1015 1074
1997 1015 1075 1074
1998 1015 1016 1075
1999 1016 1076 1075
2000 1016 1017 1076
2001 1017 1077 1076
2002 1017 1018 1077
2003 1018 1078 1077
2004 1018 1019 1078
2005 1019 1079 1078
2006 1020 1021 1080
2007 1021 1081 1080
2008 1021 1022 1081
2009 1022 1082 1081
2010 1022 1023 1082
2011 1023 1083 1082
2012 1023 1024 1083
2013 1024 1084 1083
2014 1024 1025 1084
2015 1025 1085 1084
2016 1025 1026 1085
2017 1026 1086 1085
2018 1026 1027 1086
2019 1027 1087 1086
2020 1027 1028 1087
2021 1028 1088 1087
2022 1028 1029 1088
2023 1029 1089 1088
2024 1029 1030 1089
2025 1030 1090 1089
2026 1030 1031 1090
2027 1031 1091 1090
2028 1031 1032 1091
2029 1032 1092 1091
2030 1032 1033 1092
2031 1033 1093 1092
2032 1033 1034 1093
2033 1034 1094 1093
2034 1034 1035 1094
2035 1035 1095 1094
2036 1035 1036 1095
2037 1036 1096 1095
2038 1036 1037 1096
2039 1037 1097 1096
2040 1037 1038 1097
2041 1038 1098 1097
2042 1038 1039 1098
2043 1039 1099 1098
2044 1039 1040 1099
2045 1040 1100 1099
2046 1040 1041 1100
2047 1041 1101 1100
2048 1041 1042 1101
2049 1042 1102 1101
2050 1042 1043 1102
2051 1043 1103 1102
2052 1043 1044 1103
2053 1044 1104 1103
2054 1044 1045 1104
2055 1045 1105 1104
2056 1045 1046 1105
2057 1046 1106 1105
2058 1046 1047 1106
2059 1047 1107 1106
2060 1047 1048 1107
2061 1048 1108 1107
2062 1048 1049 1108
2063 1049 1109 1108
2064 1049 1050 1109
2065 1050 1110 1109
2066 1050 1051 1110
2067 1051 1111 1110
2068 1051 1052 1111
2069 1052 1112 1111
2070 1052 1053 1112
2071 1053 1113 1112
2072 1053 1054 1113
2073 1054 1114 1113
2074 1054 1055 1114
2075 1055 1115 1114
2076 1055 1056 1115
2077 1056 1116 1115
2078 1056 1057 1116
2079 1057 1117 1116
2080 1057 1058 1117
2081 1058 1118 1117
2082 1058 1059 1118
2083 1059 1119 1118
2084 1059 1060 1119
2085 1060 1120 1119
2086 1060 1061 1120
2087 1061 1121 1120
2088 1061 1062 1121
2089 1062 1122 1121
2090 1062 1063 1122
2091 1063 1123 1122
2092 1063 1064 1123
2093 1064 1124 1123
2094 1064 1065 1124
2095 1065 1125 1124
2096 1065 1066 1125
2097 1066 1126 1125
2098 1066 1067 1126
2099 1067 1127 1126
2100 1067 1068 1127
2101 1068 1128 1127
2102 1068 1069 1128
2103 1069 1129 1128
2104 1069 1070 1129
2105 1070 1130 1129
2106 1070 1071 1130
2107 1071 1131 1130
2108 1071 1072 1131
2109 1072 1132 1131
2110 1072 1073 1132
2111 1073 1133 1132
2112 1073 1074 1133
2113 1074 1134 1133
2114 1074 1075 1134
2115 1075 1135 1134
2116 1075 1076 1135
2117 1076 1136 1135
2118 1076 1077 1136
2119 1077 1137 1136
2120 1077 1078 1137
2121 1078 1138 1137
2122 1078 1079 1138
2123 1079 1139 1138
2124 1080 1081 1140
2125 1081 1141 1140
2126 1081 1082 1141
2127 1082 1142 1141
2128 1082 1083 1142
2129 1083 1143 1142
2130 1083 1084 1143
2131 1084 1144 1143
2132 1084 1085 1144
2133 1085 1145 1144
2134 1085 1086 1145
2135 1086 1146 1145
2136 1086 1087 1146
2137 1087 1147 1146
2138 1087 1088 1147
2139 1088 1148 1147
2140 1088 1089 1148
2141 1089 1149 1148
2142 1089 1090 1149
2143 1090 1150 1149
2144 1090 1091 1150
2145 1091 1151 1150
2146 1091 1092 1151
2147 1092 1152 1151
2148 1092 1093 1152
2149 1093 1153 1152
2150 1093 1094 1153
2151 1094 1154 1153
2152 1094 1095 1154
2153 1095 1155 1154
2154 1095 1096 1155
2155 1096 1156 1155
2156 1096 1097 1156
2157 1097 1157 1156
2158 1097 1098 1157
2159 1098 1158 1157
2160 1098 1099 1158
2161 1099 1159 1158
2162 1099 1100 1159
2163 1100 1160 1159
2164 1100 1101 1160
2165 1101 1161 1160
2166 1101 1102 1161
2167 1102 1162 1161
2168 1102 1103 1162
2169 1103 1163 1162
2170 1103 1104 1163
2171 1104 1164 1163
2172 1104 1105 1164
2173 1105 1165 1164
2174 1105 1106 1165
2175 1106 1166 1165
2176 1106 1107 1166
2177 1107 1167 1166
2178 1107 1108 1167
2179 1108 1168 1167
2180 1108 1109 1168
2181 1109 1169 1168
2182 1109 1110 1169
2183 1110 1170 1169
2184 1110 1111 1170
2185 1111 1171 1170
2186 1111 1112 1171
2187 1112 1172 1171
2188 1112 1113 1172
2189 1113 1173 1172
2190 1113 1114 1173
2191 1114 1174 1173
2192 1114 1115 1174
2193 1115 1175 1174
2194 1115 1116 1175
2195 1116 1176 1175
2196 1116 1117 1176
2197 1117 1177 1176
2198 1117 1118 1177
2199 1118 1178 1177
2200 1118 1119 1178
2201 1119 1179 1178
2202 1119 1120 1179
2203 1120 1180 1179
2204 1120 1121 1180
2205 1121 1181 1180
2206 1121 1122 1181
2207 1122 1182 1181
2208 1122 1123 1182
2209 1123 1183 1182
2210 1123 1124 1183
2211 1124 1184 1183
2212 1124 1125 1184
2213 1125 1185 1184
2214 1125 1126 1185
2215 1126 1186 1185
2216 1126 1127 1186
2217 1127 1187 1186
2218 1127 1128 1187
2219 1128 1188 1187
2220 1128 1129 1188
2221 1129 1189 1188
2222 1129 1130 1189
2223 1130 1190 1189
2224 1130 1131 1190
2225 1131 1191 1190
2226 1131 1132 1191
2227 1132 1192 1191
2228 1132 1133 1192
2229 1133 1193 1192
2230 1133 1134 1193
2231 1134 1194 1193
2232 1134 1135 1194
2233 1135 1195 1194
2234 1135 1136 1195
2235 1136 1196 1195
2236 1136 1137 1196
2237 1137 1197 1196
2238 1137 1138 1197
2239 1138 1198 1197
2240 1138 1139 1198
2241 1139 1199 1198
2242 1140 1141 1200
2243 1141 1201 1200
2244 1141 1142 1201
2245 1142 1202 1201
2246 1142 1143 1202
2247 1143 1203 1202
2248 1143 1144 1203
2249 1144 1204 1203
2250 1144 1145 1204
2251 1145 1205 1204
2252 1145 1146 1205
2253 1146 1206 1205
2254 1146 1147 1206
2255 1147 1207 1206
2256 1147 1148 1207
2257 1148 1208 1207
2258 1148 1149 1208
2259 1149 1209 1208
2260 1149 1150 1209
2261 1150 1210 1209
2262 1150 1151 1210
2263 1151 1211 1210
2264 1151 1152 1211
2265 1152 1212 1211
2266 1152 1153 1212
2267 1153 1213 1212
2268 1153 1154 1213
2269 1154 1214 1213
2270 1154 1155 1214
2271 1155 1215 1214
2272 1155 1156 1215
2273 1156 1216 1215
2274 1156 1157 1216
2275 1157 1217 1216
2276 1157 1158 1217
2277 1158 1218 1217
2278 1158 1159 1218
2279 1159 1219 1218
2280 1159 1160 1219
2281 1160 1220 1219
2282 1160 1161 1220
2283 1161 1221 1220
2284 1161 1162 1221
2285 1162 1222 1221
2286 1162 1163 1222
2287 1163 1223 1222
2288 1163 1164 1223
2289 1164 1224 1223
2290 1164 1165 1224
2291 1165 1225 1224
2292 1165 1166 1225
2293 1166 1226 1225
2294 1166 1167 1226
2295 1167 1227 1226
2296 1167 1168 1227
2297 1168 1228 1227
2298 1168 1169 1228
2299 1169 1229 1228
2300 1169 1170 1229
2301 1170 1230 1229
2302 1170 1171 1230
2303 1171 1231 1230
2304 1171 1172 1231
2305 1172 1232 1231
2306 1172 1173 1232
2307 1173 1233 1232
2308 1173 1174 1233
2309 1174 1234 1233
2310 1174 1175 1234
2311 1175 1235 1234
2312 1175 1176 1235
2313 1176 1236 1235
2314 1176 1177 1236
2315 1177 1237 1236
2316 1177 1178 1237
2317 1178 1238 1237
2318 1178 1179 1238
2319 1179 1239 1238
2320 1179 1180 1239
2321 1180 1240 1239
2322 1180 1181 1240
2323 1181 1241 1240
2324 1181 1182 1241
2325 1182 1242 1241
2326 1182 1183 1242
2327 1183 1243 1242
2328 1183 1184 1243
2329 1184 1244 1243
2330 1184 1185 1244
2331 1185 1245 1244
2332 1185 1186 1245
2333 1186 1246 1245
2334 1186 1187 1246
2335 1187 1247 1246
2336 1187 1188 1247
2337 1188 1248 1247
2338 1188 1189 1248
2339 1189 1249 1248
2340 1189 1190 1249
2341 1190 1250 1249
2342 1190 1191 1250
2343 1191 1251 1250
2344 1191 1192 1251
2345 1192 1252 1251
2346 1192 1193 1252
2347 1193 1253 1252
2348 1193 1194 1253
2349 1194 1254 1253
2350 1194 1195 1254
2351 1195 1255 1254
2352 1195 1196 1255
2353 1196 1256 1255
2354 1196 1197 1256
2355 1197 1257 1256
2356 1197 1198 1257
2357 1198 1258 1257
2358 1198 1199 1258
2359 1199 1259 1258
2360 1200 1201 1260
2361 1201 1261 1260
2362 1201 1202 1261
2363 1202 1262 1261
2364 1202 1203 1262
2365 1203 1263 1262
2366 1203 1204 1263
2367 1204 1264 1263
2368 1204 1205 1264
2369 1205 1265 1264
2370 1205 1206 1265
2371 1206 1266 1265
2372 1206 1207 1266
2373 1207 1267 1266
2374 1207 1208 1267
2375 1208 1268 1267
2376 1208 1209 1268
2377 1209 1269 1268
2378 1209 1210 1269
2379 1210 1270 1269
2380 1210 1211 1270
2381 1211 1271 1270
2382 1211 1212 1271
2383 1212 1272 1271
2384 1212 1213 1272
2385 1213 1273 1272
2386 1213 1214 1273
2387 1214 1274 1273
2388 1214 1215 1274
2389 1215 1275 1274
2390 1215 1216 1275
2391 1216 1276 1275
2392 1216 1217 1276
2393 1217 1277 1276
2394 1217 1218 1277
2395 1218 1278 1277
2396 1218 1219 1278
2397 1219 1279 1278
2398 1219 1220 1279
2399 1220 1280 1279
2400 1220 1221 1280
2401 1221 1281 1280
2402 1221 1222 1281
2403 1222 1282 1281
2404 1222 1223 1282
2405 1223 1283 1282
2406 1223 1224 1283
2407 1224 1284 1283
2408 1224 1225 1284
2409 1225 1285 1284
2410 1225 1226 1285
2411 1226 1286 1285
2412 1226 1227 1286
2413 1227 1287 1286
2414 1227 1228 1287
2415 1228 1288 1287
2416 1228 1229 1288
2417 1229 1289 1288
2418 1229 1230 1289
2419 1230 1290 1289
2420 1230 1231 1290
2421 1231 1291 1290
2422 1231 1232 1291
2423 1232 1292 1291
2424 1232 1233 1292
2425 1233 1293 1292
2426 1233 1234 1293
2427 1234 1294 1293
2428 1234 1235 1294
2429 1235 1295 1294
2430 1235 1236 1295
2431 1236 1296 1295
2432 1236 1237 1296
2433 1237 1297 1296
2434 1237 1238 1297
2435 1238 1298 1297
2436 1238 1239 1298
2437 1239 1299 1298
2438 1239 1240 1299
2439 1240 1300 1299
2440 1240 1241 1300
2441 1241 1301 1300
2442 1241 1242 1301
2443 1242 1302 1301
2444 1242 1243 1302
2445 1243 1303 1302
2446 1243 1244 1303
2447 1244 1304 1303
2448 1244 1245 1304
2449 1245 1305 1304
2450 1245 1246 1305
2451 1246 1306 1305
2452 1246 1247 1306
2453 1247 1307 1306
2454 1247 1248 1307
2455 1248 1308 1307
2456 1248 1249 1308
2457 1249 1309 1308
2458 1249 1250 1309
2459 1250 1310 1309
2460 1250 1251 1310
2461 1251 1311 1310
2462 1251 1252 1311
2463 1252 1312 1311
2464 1252 1253 1312
2465 1253 1313 1312
2466 1253 1254 1313
2467 1254 1314 1313
2468 1254 1255 1314
2469 1255 1315 1314
2470 1255 1256 1315
2471 1256 1316 1315
2472 1256 1257 1316
2473 1257 1317 1316
2474 1257 1258 1317
2475 1258 1318 1317
2476 1258 1259 1318
2477 1259 1319 1318
2478 1260 1261 1320
2479 1261 1321 1320
2480 1261 1262 1321
2481 1262 1322 1321
2482 1262 1263 1322
2483 1263 1323 1322
2484 1263 1264 1323
2485 1264 1324 1323
2486 1264 1265 1324
2487 1265 1325 1324
2488 1265 1266 1325
2489 1266 1326 1325
2490 1266 1267 1326
2491 1267 1327 1326
2492 1267 1268 1327
2493 1268 1328 1327
2494 1268 1269 1328
2495 1269 1329 1328
2496 1269 1270 1329
2497 1270 1330 1329
2498 1270 1271 1330
2499 1271 1331 1330
2500 1271 1272 1331
2501 1272 1332 1331
2502 1272 1273 1332
2503 1273 1333 1332
2504 1273 1274 1333
2505 1274 1334 1333
2506 1274 1275 1334
2507 1275 1335 1334
2508 1275 1276 1335
2509 1276 1336 1335
2510 1276 1277 1336
2511 1277 1337 1336
2512 1277 1278 1337
2513 1278 1338 1337
2514 1278 1279 1338
2515 1279 1339 1338
2516 1279 1280 1339
2517 1280 1340 1339
2518 1280 1281 1340
2519 1281 1341 1340
2520 1281 1282 1341
2521 1282 1342 1341
2522 1282 1283 1342
2523 1283 1343 1342
2524 1283 1284 1343
2525 1284 1344 1343
2526 1284 1285 1344
2527 1285 1345 1344
2528 1285 1286 1345
2529 1286 1346 1345
2530 1286 1287 1346
2531 1287 1347 1346
2532 1287 1288 1347
2533 1288 1348 1347
2534 1288 1289 1348
2535 1289 1349 1348
2536 1289 1290 1349
2537 1290 1350 1349
2538 1290 1291 1350
2539 1291 1351 1350
2540 1291 1292 1351
2541 1292 1352 1351
2542 1292 1293 1352
2543 1293 1353 1352
2544 1293 1294 1353
2545 1294 1354 1353
2546 1294 1295 1354
2547 1295 1355 1354
2548 1295 1296 1355
2549 1296 1356 1355
2550 1296 1297 1356
2551 1297 1357 1356
2552 1297 1298 1357
2553 1298 1358 1357
2554 1298 1299 1358
2555 1299 1359 1358
2556 1299 1300 1359
2557 1300 1360 1359
2558 1300 1301 1360
2559 1301 1361 1360
2560 1301 1302 1361
2561 1302 1362 1361
2562 1302 1303 1362
2563 1303 1363 1362
2564 1303 1304 1363
2565 1304 1364 1363
2566 1304 1305 1364
2567 1305 1365 1364
2568 1305 1306 1365
2569 1306 1366 1365
2570 1306 1307 1366
2571 1307 1367 1366
2572 1307 1308 1367
2573 1308 1368 1367
2574 1308 1309 1368
2575 1309 1369 1368
2576 1309 1310 1369
2577 1310 1370 1369
2578 1310 1311 1370
2579 1311 1371 1370
2580 1311 1312 1371
2581 1312 1372 1371
2582 1312 1313 1372
2583 1313 1373 1372
2584 1313 1314 1373
2585 1314 1374 1373
2586 1314 1315 1374
2587 1315 1375 1374
2588 1315 1316 1375
2589 1316 1376 1375
2590 1316 1317 1376
2591 1317 1377 1376
2592 1317 1318 1377
2593 1318 1378 1377
2594 1318 1319 1378
2595 1319 1379 1378
2596 1320 1321 1380
2597 1321 1381 1380
2598 1321 1322 1381
2599 1322 1382 1381
2600 1322 1323 1382
2601 1323 1383 1382
2602 1323 1324 1383
2603 1324 1384 1383
2604 1324 1325 1384
2605 1325 1385 1384
2606 1325 1326 1385
2607 1326 1386 1385
2608 1326 1327 1386
2609 1327 1387 1386
2610 1327 1328 1387
2611 1328 1388 1387
2612 1328 1329 1388
2613 1329 1389 1388
2614 1329 1330 1389
2615 1330 1390 1389
2616 1330 1331 1390
2617 1331 1391 1390
2618 1331 1332 1391
2619 1332 1392 1391
2620 1332 1333 1392
2621 1333 1393 1392
2622 1333 1334 1393
2623 1334 1394 1393
2624 1334 1335 1394
2625 1335 1395 1394
2626 1335 1336 1395
2627 1336 1396 1395
2628 1336 1337 1396
2629 1337 1397 1396
2630 1337 1338 1397
2631 1338 1398 1397
2632 1338 1339 1398
2633 1339 1399 1398
2634 1339 1340 1399
2635 1340 1400 1399
2636 1340 1341 1400
2637 1341 1401 1400
2638 1341 1342 1401
2639 1342 1402 1401
2640 1342 1343 1402
2641 1343 1403 1402
2642 1343 1344 1403
2643 1344 1404 1403
2644 1344 1345 1404
2645 1345 1405 1404
2646 1345 1346 1405
2647 1346 1406 1405
2648 1346 1347 1406
2649 1347 1407 1406
2650 1347 1348 1407
2651 1348 1408 1407
2652 1348 1349 1408
2653 1349 1409 1408
2654 1349 1350 1409
2655 1350 1410 1409
2656 1350 1351 1410
2657 1351 1411 1410
2658 1351 1352 1411
2659 1352 1412 1411
2660 1352 1353 1412
2661 1353 1413 1412
2662 1353 1354 1413
2663 1354 1414 1413
2664 1354 1355 1414
2665 1355 1415 1414
2666 1355 1356 1415
2667 1356 1416 1415
2668 1356 1357 1416
2669 1357 1417 1416
2670 1357 1358 1417
2671 1358 1418 1417
2672 1358 1359 1418
2673 1359 1419 1418
2674 1359 1360 1419
2675 1360 1420 1419
2676 1360 1361 1420
2677 1361 1421 1420
2678 1361 1362 1421
2679 1362 1422 1421
2680 1362 1363 1422
2681 1363 1423 1422
2682 1363 1364 1423
2683 1364 1424 1423
2684 1364 1365 1424
2685 1365 1425 1424
2686 1365 1366 1425
2687 1366 1426 1425
2688 1366 1367 1426
2689 1367 1427 1426
2690 1367 1368 1427
2691 1368 1428 1427
2692 1368 1369 1428
2693 1369 1429 1428
2694 1369 1370 1429
2695 1370 1430 1429
2696 1370 1371 1430
2697 1371 1431 1430
2698 1371 1372 1431
2699 1372 1432 1431
2700 1372 1373 1432
2701 1373 1433 1432
2702 1373 1374 1433
2703 1374 1434 1433
2704 1374 1375 1434
2705 1375 1435 1434
2706 1375 1376 1435
2707 1376 1436 1435
2708 1376 1377 1436
2709 1377 1437 1436
2710 1377 1378 1437
2711 1378 1438 1437
2712 1378 1379 1438
2713 1379 1439 1438
2714 1380 1381 1440
2715 1381 1441 1440
2716 1381 1382 1441
2717 1382 1442 1441
2718 1382 1383 1442
2719 1383 1443 1442
2720 1383 1384 1443
2721 1384 1444 1443
2722 1384 1385 1444
2723 1385 1445 1444
2724 1385 1386 1445
2725 1386 1446 1445
2726 1386 1387 1446
2727 1387 1447 1446
2728 1387 1388 1447
2729 1388 1448 1447
2730 1388 1389 1448
2731 1389 1449 1448
2732 1389 1390 1449
2733 1390 1450 1449
2734 1390 1391 1450
2735 1391 1451 1450
2736 1391 1392 1451
2737 1392 1452 1451
2738 1392 1393 1452
2739 1393 1453 1452
2740 1393 1394 1453
2741 1394 1454 1453
2742 1394 1395 1454
2743 1395 1455 1454
2744 1395 1396 1455
2745 1396 1456 1455
2746 1396 1397 1456
2747 1397 1457 1456
2748 1397 1398 1457
2749 1398 1458 1457
2750 1398 1399 1458
2751 1399 1459 1458
2752 1399 1400 1459
2753 1400 1460 1459
2754 1400 1401 1460
2755 1401 1461 1460
2756 1401 1402 1461
2757 1402 1462 1461
2758 1402 1403 1462
2759 1403 1463 1462
2760 1403 1404 1463
2761 1404 1464 1463
2762 1404 1405 1464
2763 1405 1465 1464
2764 1405 1406 1465
2765 1406 1466 1465
2766 1406 1407 1466
2767 1407 1467 1466
2768 1407 1408 1467
2769 1408 1468 1467
2770 1408 1409 1468
2771 1409 1469 1468
2772 1409 1410 1469
2773 1410 1470 1469
2774 1410 1411 1470
2775 1411 1471 1470
2776 1411 1412 1471
2777 1412 1472 1471
2778 1412 1413 1472
2779 1413 1473 1472
2780 1413 1414 1473
2781 1414 1474 1473
2782 1414 1415 1474
2783 1415 1475 1474
2784 1415 1416 1475
2785 1416 1476 1475
2786 1416 1417 1476
2787 1417 1477 1476
2788 1417 1418 1477
2789 1418 1478 1477
2790 1418 1419 1478
2791 1419 1479 1478
2792 1419 1420 1479
2793 1420 1480 1479
2794 1420 1421 1480
2795 1421 1481 1480
2796 1421 1422 1481
2797 1422 1482 1481
2798 1422 1423 1482
2799 1423 1483 1482
2800 1423 1424 1483
2801 1424 1484 1483
2802 1424 1425 1484
2803 1425 1485 1484
2804 1425 1426 1485
2805 1426 1486 1485
2806 1426 1427 1486
2807 1427 1487 1486
2808 1427 1428 1487
2809 1428 1488 1487
2810 1428 1429 1488
2811 1429 1489 1488
2812 1429 1430 1489
2813 1430 1490 1489
2814 1430 1431 1490
2815 1431 1491 1490
2816 1431 1432 1491
2817 1432 1492 1491
2818 1432 1433 1492
2819 1433 1493 1492
2820 1433 1434 1493
2821 1434 1494 1493
2822 1434 1435 1494
2823 1435 1495 1494
2824 1435 1436 1495
2825 1436 1496 1495
2826 1436 1437 1496
2827 1437 1497 1496
2828 1437 1438 1497
2829 1438 1498 1497
2830 1438 1439 1498
2831 1439 1499 1498
2832 1440 1441 1500
2833 1441 1501 1500
2834 1441 1442 1501
2835 1442 1502 1501
2836 1442 1443 1502
2837 1443 1503 1502
2838 1443 1444 1503
2839 1444 1504 1503
2840 1444 1445 1504
2841 1445 1505 1504
2842 1445 1446 1505
2843 1446 1506 1505
2844 1446 1447 1506
2845 1447 1507 1506
2846 1447 1448 1507
2847 1448 1508 1507
2848 1448 1449 1508
2849 1449 1509 1508
2850 1449 1450 1509
2851 1450 1510 1509
2852 1450 1451 1510
2853 1451 1511 1510
2854 1451 1452 1511
2855 1452 1512 1511
2856 1452 1453 1512
2857 1453 1513 1512
2858 1453 1454 1513
2859 1454 1514 1513
2860 1454 1455 1514
2861 1455 1515 1514
2862 1455 1456 1515
2863 1456 1516 1515
2864 1456 1457 1516
2865 1457 1517 1516
2866 1457 1458 1517
2867 1458 1518 1517
2868 1458 1459 1518
2869 1459 1519 1518
2870 1459 1460 1519
2871 1460 1520 1519
2872 1460 1461 1520
2873 1461 1521 1520
2874 1461 1462 1521
2875 1462 1522 1521
2876 1462 1463 1522
2877 1463 1523 1522
2878 1463 1464 1523
2879 1464 1524 1523
2880 1464 1465 1524
2881 1465 1525 1524
2882 1465 1466 1525
2883 1466 1526 1525
2884 1466 1467 1526
2885 1467 1527 1526
2886 1467 1468 1527
2887 1468 1528 1527
2888 1468 1469 1528
2889 1469 1529 1528
2890 1469 1470 1529
2891 1470 1530 1529
2892 1470 1471 1530
2893 1471 1531 1530
2894 1471 1472 1531
2895 1472 1532 1531
2896 1472 1473 1532
2897 1473 1533 1532
2898 1473 1474 1533
2899 1474 1534 1533
2900 1474 1475 1534
2901 1475 1535 1534
2902 1475 1476 1535
2903 1476 1536 1535
2904 1476 1477 1536
2905 1477 1537 1536
2906 1477 1478 1537
2907 1478 1538 1537
2908 1478 1479 1538
2909 1479 1539 1538
2910 1479 1480 1539
2911 1480 1540 1539
2912 1480 1481 1540
2913 1481 1541 1540
2914 1481 1482 1541
2915 1482 1542 1541
2916 1482 1483 1542
2917 1483 1543 1542
2918 1483 1484 1543
2919 1484 1544 1543
2920 1484 1485 1544
2921 1485 1545 1544
2922 1485 1486 1545
2923 1486 1546 1545
2924 1486 1487 1546
2925 1487 1547 1546
2926 1487 1488 1547
2927 1488 1548 1547
2928 1488 1489 1548
2929 1489 1549 1548
2930 1489 1490 1549
2931 1490 1550 1549
2932 1490 1491 1550
2933 1491 1551 1550
2934 1491 1492 1551
2935 1492 1552 1551
2936 1492 1493 1552
2937 1493 1553 1552
2938 1493 1494 1553
2939 1494 1554 1553
2940 1494 1495 1554
2941 1495 1555 1554
2942 1495 1496 1555
2943 1496 1556 1555
2944 1496 1497 1556
2945 1497 1557 1556
2946 1497 1498 1557
2947 1498 1558 1557
2948 1498 1499 1558
2949 1499 1559 1558
2950 1500 1501 1560
2951 1501 1561 1560
2952 1501 1502 1561
2953 1502 1562 1561
2954 1502 1503 1562
2955 1503 1563 1562
2956 1503 1504 1563
2957 1504 1564 1563
2958 1504 1505 1564
2959 1505 1565 1564
2960 1505 1506 1565
2961 1506 1566 1565
2962 1506 1507 1566
2963 1507 1567 1566
2964 1507 1508 1567
2965 1508 1568 1567
2966 1508 1509 1568
2967 1509 1569 1568
2968 1509 1510 1569
2969 1510 1570 1569
2970 1510 1511 1570
2971 1511 1571 1570
2972 1511 1512 1571
2973 1512 1572 1571
2974 1512 1513 1572
2975 1513 1573 1572
2976 1513 1514 1573
2977 1514 1574 1573
2978 1514 1515 1574
2979 1515 1575 1574
2980 1515 1516 1575
2981 1516 1576 1575
2982 1516 1517 1576
2983 1517 1577 1576
2984 1517 1518 1577
2985 1518 1578 1577
2986 1518 1519 1578
2987 1519 1579 1578
2988 1519 1520 1579
2989 1520 1580 1579
2990 1520 1521 1580
2991 1521 1581 1580
2992 1521 1522 1581
2993 1522 1582 1581
2994 1522 1523 1582
2995 1523 1583 1582
2996 1523 1524 1583
2997 1524 1584 1583
2998 1524 1525 1584
2999 1525 1585 1584
3000 1525 1526 1585
3001 1526 1586 1585
3002 1526 1527 1586
3003 1527 1587 1586
3004 1527 1528 1587
3005 1528 1588 1587
3006 1528 1529 1588
3007 1529 1589 1588
3008 1529 1530 1589
3009 1530 1590 1589
3010 1530 1531 1590
3011 1531 1591 1590
3012 1531 1532 1591
3013 1532 1592 1591
3014 1532 1533 1592
3015 1533 1593 1592
3016 1533 1534 1593
3017 1534 1594 1593
3018 1534 1535 1594
3019 1535 1595 1594
3020 1535 1536 1595
3021 1536 1596 1595
3022 1536 1537 1596
3023 1537 1597 1596
3024 1537 1538 1597
3025 1538 1598 1597
3026 1538 1539 1598
3027 1539 1599 1598
3028 1539 1540 1599
3029 1540 1600 1599
3030 1540 1541 1600
3031 1541 1601 1600
3032 1541 1542 1601
3033 1542 1602 1601
3034 1542 1543 1602
3035 1543 1603 1602
3036 1543 1544 1603
3037 1544 1604 1603
3038 1544 1545 1604
3039 1545 1605 1604
3040 1545 1546 1605
3041 1546 1606 1605
3042 1546 1547 1606
3043 1547 1607 1606
3044 1547 1548 1607
3045 1548 1608 1607
3046 1548 1549 1608
3047 1549 1609 1608
3048 1549 1550 1609
3049 1550 1610 1609
3050 1550 1551 1610
3051 1551 1611 1610
3052 1551 1552 1611
3053 1552 1612 1611
3054 1552 1553 1612
3055 1553 1613 1612
3056 1553 1554 1613
3057 1554 1614 1613
3058 1554 1555 1614
3059 1555 1615 1614
3060 1555 1556 1615
3061 1556 1616 1615
3062 1556 1557 1616
3063 1557 1617 1616
3064 1557 1558 1617
3065 1558 1618 1617
3066 1558 1559 1618
3067 1559 1619 1618
3068 1560 1561 1620
3069 1561 1621 1620
3070 1561 1562 1621
3071 1562 1622 1621
3072 1562 1563 1622
3073 1563 1623 1622
3074 1563 1564 1623
3075 1564 1624 1623
3076 1564 1565 1624
3077 1565 1625 1624
3078 1565 1566 1625
3079 1566 1626 1625
3080 1566 1567 1626
3081 1567 1627 1626
3082 1567 1568 1627
3083 1568 1628 1627
3084 1568 1569 1628
3085 1569 1629 1628
3086 1569 1570 1629
3087 1570 1630 1629
3088 1570 1571 1630
3089 1571 1631 1630
3090 1571 1572 1631
3091 1572 1632 1631
3092 1572 1573 1632
3093 1573 1633 1632
3094 1573 1574 1633
3095 1574 1634 1633
3096 1574 1575 1634
3097 1575 1635 1634
3098 1575 1576 1635
3099 1576 1636 1635
3100 1576 1577 1636
3101 1577 1637 1636
3102 1577 1578 1637
3103 1578 1638 1637
3104 1578 1579 1638
3105 1579 1639 1638
3106 1579 1580 1639
3107 1580 1640 1639
3108 1580 1581 1640
3109 1581 1641 1640
3110 1581 1582 1641
3111 1582 1642 1641
3112 1582 1583 1642
3113 1583 1643 1642
3114 1583 1584 1643
3115 1584 1644 1643
3116 1584 1585 1644
3117 1585 1645 1644
3118 1585 1586 1645
3119 1586 1646 1645
3120 1586 1587 1646
3121 1587 1647 1646
3122 1587 1588 1647
3123 1588 1648 1647
3124 1588 1589 1648
3125 1589 1649 1648
3126 1589 1590 1649
3127 1590 1650 1649
3128 1590 1591 1650
3129 1591 1651 1650
3130 1591 1592 1651
3131 1592 1652 1651
3132 1592 1593 1652
3133 1593 1653 1652
3134 1593 1594 1653
3135 1594 1654 1653
3136 1594 1595 1654
3137 1595 1655 1654
3138 1595 1596 1655
3139 1596 1656 1655
3140 1596 1597 1656
3141 1597 1657 1656
3142 1597 1598 1657
3143 1598 1658 1657
3144 1598 1599 1658
3145 1599 1659 1658
3146 1599 1600 1659
3147 1600 1660 1659
3148 1600 1601 1660
3149 1601 1661 1660
3150 1601 1602 1661
3151 1602 1662 1661
3152 1602 1603 1662
3153 1603 1663 1662
3154 1603 1604 1663
3155 1604 1664 1663
3156 1604 1605 1664
3157 1605 1665 1664
3158 1605 1606 1665
3159 1606 1666 1665
3160 1606 1607 1666
3161 1607 1667 1666
3162 1607 1608 1667
3163 1608 1668 1667
3164 1608 1609 1668
3165 1609 1669 1668
3166 1609 1610 1669
3167 1610 1670 1669
3168 1610 1611 1670
3169 1611 1671 1670
3170 1611 1612 1671
3171 1612 1672 1671
3172 1612 1613 1672
3173 1613 1673 1672
3174 1613 1614 1673
3175 1614 1674 1673
3176 1614 1615 1674
3177 1615 1675 1674
3178 1615 1616 1675
3179 1616 1676 1675
3180 1616 1617 1676
3181 1617 1677 1676
3182 1617 1618 1677
3183 1618 1678 1677
3184 1618 1619 1678
3185 1619 1679 1678
3186 1620 1621 1680
3187 1621 1681 1680
3188 1621 1622 1681
3189 1622 1682 1681
3190 1622 1623 1682
3191 1623 1683 1682
3192 1623 1624 1683
3193 1624 1684 1683
3194 1624 1625 1684
3195 1625 1685 1684
3196 1625 1626 1685
3197 1626 1686 1685
3198 1626 1627 1686
3199 1627 1687 1686
3200 1627 1628 1687
3201 1628 1688 1687
3202 1628 1629 1688
3203 1629 1689 1688
3204 1629 1630 1689
3205 1630 1690 1689
3206 1630 1631 1690
3207 1631 1691 1690
3208 1631 1632 1691
3209 1632 1692 1691
3210 1632 1633 1692
3211 1633 1693 1692
3212 1633 1634 1693
3213 1634 1694 1693
3214 1634 1635 1694
3215 1635 1695 1694
3216 1635 1636 1695
3217 1636 1696 1695
3218 1636 1637 1696
3219 1637 1697 1696
3220 1637 1638 1697
3221 1638 1698 1697
3222 1638 1639 1698
3223 1639 1699 1698
3224 1639 1640 1699
3225 1640 1700 1699
3226 1640 1641 1700
3227 1641 1701 1700
3228 1641 1642 1701
3229 1642 1702 1701
3230 1642 1643 1702
3231 1643 1703 1702
3232 1643 1644 1703
3233 1644 1704 1703
3234 1644 1645 1704
3235 1645 1705 1704
3236 1645 1646 1705
3237 1646 1706 1705
3238 1646 1647 1706
3239 1647 1707 1706
3240 1647 1648 1707
3241 1648 1708 1707
3242 1648 1649 1708
3243 1649 1709 1708
3244 1649 1650 1709
3245 1650 1710 1709
3246 1650 1651 1710
3247 1651 1711 1710
3248 1651 1652 1711
3249 1652 1712 1711
3250 1652 1653 1712
3251 1653 1713 1712
3252 1653 1654 1713
3253 1654 1714 1713
3254 1654 1655 1714
3255 1655 1715 1714
3256 1655 1656 1715
3257 1656 1716 1715
3258 1656 1657 1716
3259 1657 1717 1716
3260 1657 1658 1717
3261 1658 1718 1717
3262 1658 1659 1718
3263 1659 1719 1718
3264 1659 1660 1719
3265 1660 1720 1719
3266 1660 1661 1720
3267 1661 1721 1720
3268 1661 1662 1721
3269 1662 1722 1721
3270 1662 1663 1722
3271 1663 1723 1722
3272 1663 1664 1723
3273 1664 1724 1723
3274 1664 1665 1724
3275 1665 1725 1724
3276 1665 1666 1725
3277 1666 1726 1725
3278 1666 1667 1726
3279 1667 1727 1726
3280 1667 1668 1727
3281 1668 1728 1727
3282 1668 1669 1728
3283 1669 1729 1728
3284 1669 1670 1729
3285 1670 1730 1729
3286 1670 1671 1730
3287 1671 1731 1730
3288 1671 1672 1731
3289 1672 1732 1731
3290 1672 1673 1732
3291 1673 1733 1732
3292 1673 1674 1733
3293 1674 1734 1733
3294 1674 1675 1734
3295 1675 1735 1734
3296 1675 1676 1735
3297 1676 1736 1735
3298 1676 1677 1736
3299 1677 1737 1736
3300 1677 1678 1737
3301 1678 1738 1737
3302 1678 1679 1738
3303 1679 1739 1738
3304 1680 1681 1740
3305 1681 1741 1740
3306 1681 1682 1741
3307 1682 1742 1741
3308 1682 1683 1742
3309 1683 1743 1742
3310 1683 1684 1743
3311 1684 1744 1743
3312 1684 1685 1744
3313 1685 1745 1744
3314 1685 1686 1745
3315 1686 1746 1745
3316 1686 1687 1746
3317 1687 1747 1746
3318 1687 1688 1747
3319 1688 1748 1747
3320 1688 1689 1748
3321 1689 1749 1748
3322 1689 1690 1749
3323 1690 1750 1749
3324 1690 1691 1750
3325 1691 1751 1750
3326 1691 1692 1751
3327 1692 1752 1751
3328 1692 1693 1752
3329 1693 1753 1752
3330 1693 1694 1753
3331 1694 1754 1753
3332 1694 1695 1754
3333 1695 1755 1754
3334 1695 1696 1755
3335 1696 1756 1755
3336 1696 1697 1756
3337 1697 1757 1756
3338 1697 1698 1757
3339 1698 1758 1757
3340 1698 1699 1758
3341 1699 1759 1758
3342 1699 1700 1759
3343 1700 1760 1759
3344 1700 1701 1760
3345 1701 1761 1760
3346 1701 1702 1761
3347 1702 1762 1761
3348 1702 1703 1762
3349 1703 1763 1762
3350 1703 1704 1763
3351 1704 1764 1763
3352 1704 1705 1764
3353 1705 1765 1764
3354 1705 1706 1765
3355 1706 1766 1765
3356 1706 1707 1766
3357 1707 1767 1766
3358 1707 1708 1767
3359 1708 1768 1767
3360 1708 1709 1768
3361 1709 1769 1768
3362 1709 1710 1769
3363 1710 1770 1769
3364 1710 1711 1770
3365 1711 1771 1770
3366 1711 1712 1771
3367 1712 1772 1771
3368 1712 1713 1772
3369 1713 1773 1772
3370 1713 1714 1773
3371 1714 1774 1773
3372 1714 1715 1774
3373 1715 1775 1774
3374 1715 1716 1775
3375 1716 1776 1775
3376 1716 1717 1776
3377 1717 1777 1776
3378 1717 1718 1777
3379 1718 1778 1777
3380 1718 1719 1778
3381 1719 1779 1778
3382 1719 1720 1779
3383 1720 1780 1779
3384 1720 1721 1780
3385 1721 1781 1780
3386 1721 1722 1781
3387 1722 1782 1781
3388 1722 1723 1782
3389 1723 1783 1782
3390 1723 1724 1783
3391 1724 1784 1783
3392 1724 1725 1784
3393 1725 1785 1784
3394 1725 1726 1785
3395 1726 1786 1785
3396 1726 1727 1786
3397 1727 1787 1786
3398 1727 1728 1787
3399 1728 1788 1787
3400 1728 1729 1788
3401 1729 1789 1788
3402 1729 1730 1789
3403 1730 1790 1789
3404 1730 1731 1790
3405 1731 1791 1790
3406 1731 1732 1791
3407 1732 1792 1791
3408 1732 1733 1792
3409 1733 1793 1792
3410 1733 1734 1793
3411 1734 1794 1793
3412 1734 1735 1794
3413 1735 1795 1794
3414 1735 1736 1795
3415 1736 1796 1795
3416 1736 1737 1796
3417 1737 1797 1796
3418 1737 1738 1797
3419 1738 1798 1797
3420 1738 1739 1798
3421 1739 1799 1798
