1800
0 0.000000 0.000000 65.000000
1 0.000000 0.000000 65.000000
2 0.000000 0.000000 65.000000
3 0.000000 0.000000 65.000000
4 0.000000 0.000000 65.000000
5 0.000000 0.000000 65.000000
6 0.000000 0.000000 65.000000
7 0.000000 0.000000 65.000000
8 0.000000 0.000000 65.000000
9 0.000000 0.000000 65.000000
10 0.000000 0.000000 65.000000
11 0.000000 0.000000 65.000000
12 0.000000 0.000000 65.000000
13 0.000000 0.000000 65.000000
14 0.000000 0.000000 65.000000
15 -0.000000 0.000000 65.000000
16 -0.000000 0.000000 65.000000
17 -0.000000 0.000000 65.000000
18 -0.000000 0.000000 65.000000
19 -0.000000 0.000000 65.000000
20 -0.000000 0.000000 65.000000
21 -0.000000 0.000000 65.000000
22 -0.000000 0.000000 65.000000
23 -0.000000 0.000000 65.000000
24 -0.000000 0.000000 65.000000
25 -0.000000 0.000000 65.000000
26 -0.000000 0.000000 65.000000
27 -0.000000 0.000000 65.000000
28 -0.000000 0.000000 65.000000
29 -0.000000 0.000000 65.000000
30 -0.000000 -0.000000 65.000000
31 -0.000000 -0.000000 65.000000
32 -0.000000 -0.000000 65.000000
33 -0.000000 -0.000000 65.000000
34 -0.000000 -0.000000 65.000000
35 -0.000000 -0.000000 65.000000
36 -0.000000 -0.000000 65.000000
37 -0.000000 -0.000000 65.000000
38 -0.000000 -0.000000 65.000000
39 -0.000000 -0.000000 65.000000
40 -0.000000 -0.000000 65.000000
41 -0.000000 -0.000000 65.000000
42 -0.000000 -0.000000 65.000000
43 -0.000000 -0.000000 65.000000
44 -0.000000 -0.000000 65.000000
45 0.000000 -0.000000 65.000000
46 0.000000 -0.000000 65.000000
47 0.000000 -0.000000 65.000000
48 0.000000 -0.000000 65.000000
49 0.000000 -0.000000 65.000000
50 0.000000 -0.000000 65.000000
51 0.000000 -0.000000 65.000000
52 0.000000 -0.000000 65.000000
53 0.000000 -0.000000 65.000000
54 0.000000 -0.000000 65.000000
55 0.000000 -0.000000 65.000000
56 0.000000 -0.000000 65.000000
57 0.000000 -0.000000 65.000000
58 0.000000 -0.000000 65.000000
59 0.000000 -0.000000 65.000000
60 8.108926 0.000000 64.618967
61 8.062988 1.034311 64.618967
62 7.925692 2.056903 64.618967
63 7.698595 3.056190 64.618967
64 7.384270 4.020849 64.618967
65 6.986279 4.939950 64.618967
66 6.509130 5.803079 64.618967
67 5.958229 6.600457 64.618967
68 5.339820 7.323049 64.618967
69 4.660909 7.962668 64.618967
70 3.929187 8.512067 64.618967
71 3.152947 8.965021 64.618967
72 2.340982 9.316398 64.618967
73 1.502493 9.562216 64.618967
74 0.646980 9.699690 64.618967
75 -0.215864 9.727263 64.618967
76 -1.076262 9.644622 64.618967
77 -1.924465 9.452704 64.618967
78 -2.750863 9.153683 64.618967
79 -3.546093 8.750947 64.618967
80 -4.301144 8.249059 64.618967
81 -5.007462 7.653706 64.618967
82 -5.657043 6.971634 64.618967
83 -6.242527 6.210570 64.618967
84 -6.757281 5.379138 64.618967
85 -7.195473 4.486758 64.618967
86 -7.552136 3.543542 64.618967
87 -7.823232 2.560175 64.618967
88 -8.005686 1.547801 64.618967
89 -8.097434 0.517890 64.618967
90 -8.097434 -0.517890 64.618967
91 -8.005686 -1.547801 64.618967
92 -7.823232 -2.560175 64.618967
93 -7.552136 -3.543542 64.618967
94 -7.195473 -4.486758 64.618967
95 -6.757281 -5.379138 64.618967
96 -6.242527 -6.210570 64.618967
97 -5.657043 -6.971634 64.618967
98 -5.007462 -7.653706 64.618967
99 -4.301144 -8.249059 64.618967
100 -3.546093 -8.750947 64.618967
101 -2.750863 -9.153683 64.618967
102 -1.924465 -9.452704 64.618967
103 -1.076262 -9.644622 64.618967
104 -0.215864 -9.727263 64.618967
105 0.646980 -9.699690 64.618967
106 1.502493 -9.562216 64.618967
107 2.340982 -9.316398 64.618967
108 3.152947 -8.965021 64.618967
109 3.929187 -8.512067 64.618967
110 4.660909 -7.962668 64.618967
111 5.339820 -7.323049 64.618967
112 5.958229 -6.600457 64.618967
113 6.509130 -5.803079 64.618967
114 6.986279 -4.939950 64.618967
115 7.384270 -4.020849 64.618967
116 7.698595 -3.056190 64.618967
117 7.925692 -2.056903 64.618967
118 8.062988 -1.034311 64.618967
119 8.108926 -0.000000 64.618967
120 16.122783 0.000000 63.480336
121 16.031444 2.056496 63.480336
122 15.758463 4.089691 63.480336
123 15.306932 6.076549 63.480336
124 14.681967 7.994556 63.480336
125 13.890650 9.821983 63.480336
126 12.941946 11.538122 63.480336
127 11.846604 13.123529 63.480336
128 10.617036 14.560242 63.480336
129 9.267173 15.831982 63.480336
130 7.812309 16.924338 63.480336
131 6.268928 17.824936 63.480336
132 4.654518 18.523569 63.480336
133 2.987370 19.012323 63.480336
134 1.286374 19.285660 63.480336
135 -0.429197 19.340483 63.480336
136 -2.139905 19.176170 63.480336
137 -3.826367 18.794584 63.480336
138 -5.469475 18.200048 63.480336
139 -7.050611 17.399297 63.480336
140 -8.551861 16.401406 63.480336
141 -9.956215 15.217680 63.480336
142 -11.247762 13.861532 63.480336
143 -12.411866 12.348327 63.480336
144 -13.435340 10.695211 63.480336
145 -14.306585 8.920913 63.480336
146 -15.015731 7.045538 63.480336
147 -15.554743 5.090335 63.480336
148 -15.917513 3.077455 63.480336
149 -16.099932 1.029707 63.480336
150 -16.099932 -1.029707 63.480336
151 -15.917513 -3.077455 63.480336
152 -15.554743 -5.090335 63.480336
153 -15.015731 -7.045538 63.480336
154 -14.306585 -8.920913 63.480336
155 -13.435340 -10.695211 63.480336
156 -12.411866 -12.348327 63.480336
157 -11.247762 -13.861532 63.480336
158 -9.956215 -15.217680 63.480336
159 -8.551861 -16.401406 63.480336
160 -7.050611 -17.399297 63.480336
161 -5.469475 -18.200048 63.480336
162 -3.826367 -18.794584 63.480336
163 -2.139905 -19.176170 63.480336
164 -0.429197 -19.340483 63.480336
165 1.286374 -19.285660 63.480336
166 2.987370 -19.012323 63.480336
167 4.654518 -18.523569 63.480336
168 6.268928 -17.824936 63.480336
169 7.812309 -16.924338 63.480336
170 9.267173 -15.831982 63.480336
171 10.617036 -14.560242 63.480336
172 11.846604 -13.123529 63.480336
173 12.941946 -11.538122 63.480336
174 13.890650 -9.821983 63.480336
175 14.681967 -7.994556 63.480336
176 15.306932 -6.076549 63.480336
177 15.758463 -4.089691 63.480336
178 16.031444 -2.056496 63.480336
179 16.122783 -0.000000 63.480336
180 23.947615 0.000000 61.597456
181 23.811947 3.054571 61.597456
182 23.406480 6.074532 61.597456
183 22.735808 9.025666 61.597456
184 21.807531 11.874535 61.597456
185 20.632165 14.588862 61.597456
186 19.223029 17.137891 61.597456
187 17.596088 19.492741 61.597456
188 15.769777 21.626730 61.597456
189 13.764787 23.515680 61.597456
190 11.603838 25.138187 61.597456
191 9.311412 26.475869 61.597456
192 6.913484 27.513569 61.597456
193 4.437223 28.239529 61.597456
194 1.910687 28.645524 61.597456
195 -0.637498 28.726954 61.597456
196 -3.178460 28.482895 61.597456
197 -5.683408 27.916115 61.597456
198 -8.123962 27.033033 61.597456
199 -10.472467 25.843657 61.597456
200 -12.702316 24.361461 61.597456
201 -14.788242 22.603240 61.597456
202 -16.706611 20.588916 61.597456
203 -18.435688 18.341311 61.597456
204 -19.955881 15.885892 61.597456
205 -21.249966 13.250479 61.597456
206 -22.303280 10.464933 61.597456
207 -23.103889 7.560815 61.597456
208 -23.642722 4.571030 61.597456
209 -23.913674 1.529453 61.597456
210 -23.913674 -1.529453 61.597456
211 -23.642722 -4.571030 61.597456
212 -23.103889 -7.560815 61.597456
213 -22.303280 -10.464933 61.597456
214 -21.249966 -13.250479 61.597456
215 -19.955881 -15.885892 61.597456
216 -18.435688 -18.341311 61.597456
217 -16.706611 -20.588916 61.597456
218 -14.788242 -22.603240 61.597456
219 -12.702316 -24.361461 61.597456
220 -10.472467 -25.843657 61.597456
221 -8.123962 -27.033033 61.597456
222 -5.683408 -27.916115 61.597456
223 -3.178460 -28.482895 61.597456
224 -0.637498 -28.726954 61.597456
225 1.910687 -28.645524 61.597456
226 4.437223 -28.239529 61.597456
227 6.913484 -27.513569 61.597456
228 9.311412 -26.475869 61.597456
229 11.603838 -25.138187 61.597456
230 13.764787 -23.515680 61.597456
231 15.769777 -21.626730 61.597456
232 17.596088 -19.492741 61.597456
233 19.223029 -17.137891 61.597456
234 20.632165 -14.588862 61.597456
235 21.807531 -11.874535 61.597456
236 22.735808 -9.025666 61.597456
237 23.406480 -6.074532 61.597456
238 23.811947 -3.054571 61.597456
239 23.947615 -0.000000 61.597456
240 31.491683 0.000000 58.992402
241 31.313276 4.016833 58.992402
242 30.780077 7.988153 58.992402
243 29.898128 11.868965 58.992402
244 28.677421 15.615296 58.992402
245 27.131788 19.184700 58.992402
246 25.278740 22.536734 58.992402
247 23.139274 25.633417 58.992402
248 20.737631 28.439664 58.992402
249 18.101023 30.923678 58.992402
250 15.259322 33.057314 58.992402
251 12.244728 34.816397 58.992402
252 9.091395 36.180997 58.992402
253 5.835054 37.135652 58.992402
254 2.512599 37.669545 58.992402
255 -0.838325 37.776627 58.992402
256 -4.179750 37.455684 58.992402
257 -7.473817 36.710354 58.992402
258 -10.683203 35.549081 58.992402
259 -13.771543 33.985023 58.992402
260 -16.703847 32.035900 58.992402
261 -19.446889 29.723798 58.992402
262 -21.969590 27.074914 58.992402
263 -24.243367 24.119260 58.992402
264 -26.242457 20.890325 58.992402
265 -27.944210 17.424694 58.992402
266 -29.329343 13.761635 58.992402
267 -30.382164 9.942651 58.992402
268 -31.090742 6.011013 58.992402
269 -31.447049 2.011267 58.992402
270 -31.447049 -2.011267 58.992402
271 -31.090742 -6.011013 58.992402
272 -30.382164 -9.942651 58.992402
273 -29.329343 -13.761635 58.992402
274 -27.944210 -17.424694 58.992402
275 -26.242457 -20.890325 58.992402
276 -24.243367 -24.119260 58.992402
277 -21.969590 -27.074914 58.992402
278 -19.446889 -29.723798 58.992402
279 -16.703847 -32.035900 58.992402
280 -13.771543 -33.985023 58.992402
281 -10.683203 -35.549081 58.992402
282 -7.473817 -36.710354 58.992402
283 -4.179750 -37.455684 58.992402
284 -0.838325 -37.776627 58.992402
285 2.512599 -37.669545 58.992402
286 5.835054 -37.135652 58.992402
287 9.091395 -36.180997 58.992402
288 12.244728 -34.816397 58.992402
289 15.259322 -33.057314 58.992402
290 18.101023 -30.923678 58.992402
291 20.737631 -28.439664 58.992402
292 23.139274 -25.633417 58.992402
293 25.278740 -22.536734 58.992402
294 27.131788 -19.184700 58.992402
295 28.677421 -15.615296 58.992402
296 29.898128 -11.868965 58.992402
297 30.780077 -7.988153 58.992402
298 31.313276 -4.016833 58.992402
299 31.491683 -0.000000 58.992402
300 38.666539 0.000000 55.695716
301 38.447486 4.932001 55.695716
302 37.792807 9.808121 55.695716
303 36.709920 14.573111 55.695716
304 35.211095 19.172982 55.695716
305 33.313315 23.555616 55.695716
306 31.038081 27.671354 55.695716
307 28.411174 31.473566 55.695716
308 25.462356 34.919169 55.695716
309 22.225040 37.969124 55.695716
310 18.735905 40.588873 55.695716
311 15.034485 42.748735 55.695716
312 11.162719 44.424236 55.695716
313 7.164474 45.596393 55.695716
314 3.085053 46.251925 55.695716
315 -1.029323 46.383404 55.695716
316 -5.132037 45.989340 55.695716
317 -9.176602 45.074199 55.695716
318 -13.117193 43.648349 55.695716
319 -16.909161 41.727945 55.695716
320 -20.509541 39.334748 55.695716
321 -23.877540 36.495872 55.695716
322 -26.974997 33.243483 55.695716
323 -29.766816 29.614433 55.695716
324 -32.221365 25.649839 55.695716
325 -34.310834 21.394622 55.695716
326 -36.011547 16.896995 55.695716
327 -37.304235 12.207919 55.695716
328 -38.174251 7.380522 55.695716
329 -38.611737 2.469501 55.695716
330 -38.611737 -2.469501 55.695716
331 -38.174251 -7.380522 55.695716
332 -37.304235 -12.207919 55.695716
333 -36.011547 -16.896995 55.695716
334 -34.310834 -21.394622 55.695716
335 -32.221365 -25.649839 55.695716
336 -29.766816 -29.614433 55.695716
337 -26.974997 -33.243483 55.695716
338 -23.877540 -36.495872 55.695716
339 -20.509541 -39.334748 55.695716
340 -16.909161 -41.727945 55.695716
341 -13.117193 -43.648349 55.695716
342 -9.176602 -45.074199 55.695716
343 -5.132037 -45.989340 55.695716
344 -1.029323 -46.383404 55.695716
345 3.085053 -46.251925 55.695716
346 7.164474 -45.596393 55.695716
347 11.162719 -44.424236 55.695716
348 15.034485 -42.748735 55.695716
349 18.735905 -40.588873 55.695716
350 22.225040 -37.969124 55.695716
351 25.462356 -34.919169 55.695716
352 28.411174 -31.473566 55.695716
353 31.038081 -27.671354 55.695716
354 33.313315 -23.555616 55.695716
355 35.211095 -19.172982 55.695716
356 36.709920 -14.573111 55.695716
357 37.792807 -9.808121 55.695716
358 38.447486 -4.932001 55.695716
359 38.666539 -0.000000 55.695716
360 45.388066 0.000000 51.746049
361 45.130934 5.789347 51.746049
362 44.362450 11.513098 51.746049
363 43.091321 17.106401 51.746049
364 41.331951 22.505882 51.746049
365 39.104274 27.650363 51.746049
366 36.433529 32.481553 51.746049
367 33.349978 36.944715 51.746049
368 29.888558 40.989278 51.746049
369 26.088489 44.569417 51.746049
370 21.992827 47.644566 51.746049
371 17.647977 60.215859 43.984142
372 13.103169 62.575970 43.984142
373 8.409897 64.227070 43.984142
374 3.621337 65.150452 43.984142
375 -1.208254 65.335653 43.984142
376 -6.024155 64.780575 43.984142
377 -10.771800 63.491507 43.984142
378 -15.397396 61.483055 43.984142
379 -19.848534 48.981646 51.746049
380 -24.074779 46.172432 51.746049
381 -28.028248 42.840065 51.746049
382 -31.664146 39.022303 51.746049
383 -34.941276 34.762403 51.746049
384 -37.822507 30.108631 51.746049
385 -40.275195 25.113716 51.746049
386 -42.271548 19.834253 51.746049
387 -43.788948 14.330060 51.746049
388 -44.810201 8.663501 51.746049
389 -45.323737 2.898782 51.746049
390 -45.323737 -2.898782 51.746049
391 -44.810201 -8.663501 51.746049
392 -43.788948 -14.330060 51.746049
393 -42.271548 -19.834253 51.746049
394 -40.275195 -25.113716 51.746049
395 -37.822507 -30.108631 51.746049
396 -34.941276 -34.762403 51.746049
397 -31.664146 -39.022303 51.746049
398 -28.028248 -42.840065 51.746049
399 -24.074779 -46.172432 51.746049
400 -19.848534 -48.981646 51.746049
401 -15.397396 -51.235879 51.746049
402 -10.771800 -52.909589 51.746049
403 -6.024155 -53.983812 51.746049
404 -1.208254 -54.446377 51.746049
405 3.621337 -54.292043 51.746049
406 8.409897 -53.522558 51.746049
407 13.103169 -52.146642 51.746049
408 17.647977 -50.179883 51.746049
409 21.992827 -47.644566 51.746049
410 26.088489 -44.569417 51.746049
411 29.888558 -40.989278 51.746049
412 33.349978 -36.944715 51.746049
413 36.433529 -32.481553 51.746049
414 39.104274 -27.650363 51.746049
415 41.331951 -22.505882 51.746049
416 43.091321 -17.106401 51.746049
417 44.362450 -11.513098 51.746049
418 45.130934 -5.789347 51.746049
419 45.388066 -0.000000 51.746049
420 51.577459 0.000000 47.189707
421 51.285263 6.578818 47.189707
422 50.411984 13.083094 47.189707
423 48.967517 19.439135 47.189707
424 46.968228 25.574922 47.189707
425 44.436771 31.420935 47.189707
426 41.401827 36.910936 47.189707
427 37.897784 41.982721 47.189707
428 33.964344 46.578826 47.189707
429 29.646074 60.776609 40.111251
430 24.991903 64.970003 40.111251
431 20.054563 68.427261 40.111251
432 14.889997 71.109211 40.111251
433 9.556722 72.985465 40.111251
434 4.115165 74.034764 40.111251
435 -1.373019 74.245221 40.111251
436 -6.845645 73.614449 40.111251
437 -12.240708 72.149596 40.111251
438 -17.497079 69.867259 40.111251
439 -22.555201 66.793298 40.111251
440 -27.357763 62.962543 40.111251
441 -31.850351 48.681997 47.189707
442 -35.982061 44.343622 47.189707
443 -39.706081 39.502816 47.189707
444 -42.980215 34.214428 47.189707
445 -45.767366 28.538376 47.189707
446 -48.035954 22.538973 47.189707
447 -49.760276 16.284194 47.189707
448 -50.920793 9.844909 47.189707
449 -51.504358 3.294077 47.189707
450 -51.504358 -3.294077 47.189707
451 -50.920793 -9.844909 47.189707
452 -49.760276 -16.284194 47.189707
453 -48.035954 -22.538973 47.189707
454 -45.767366 -28.538376 47.189707
455 -42.980215 -34.214428 47.189707
456 -39.706081 -39.502816 47.189707
457 -35.982061 -44.343622 47.189707
458 -31.850351 -48.681997 47.189707
459 -27.357763 -52.468786 47.189707
460 -22.555201 -55.661082 47.189707
461 -17.497079 -58.222716 47.189707
462 -12.240708 -60.124663 47.189707
463 -6.845645 -61.345374 47.189707
464 -1.373019 -61.871017 47.189707
465 4.115165 -61.695637 47.189707
466 9.556722 -60.821221 47.189707
467 14.889997 -59.257676 47.189707
468 20.054563 -57.022717 47.189707
469 24.991903 -54.141669 47.189707
470 29.646074 -50.647174 47.189707
471 33.964344 -46.578826 47.189707
472 37.897784 -41.982721 47.189707
473 41.401827 -36.910936 47.189707
474 44.436771 -31.420935 47.189707
475 46.968228 -25.574922 47.189707
476 48.967517 -19.439135 47.189707
477 50.411984 -13.083094 47.189707
478 51.285263 -6.578818 47.189707
479 51.577459 -0.000000 47.189707
480 57.162154 0.000000 42.080109
481 56.838319 7.291158 42.080109
482 55.870483 14.499703 42.080109
483 54.269612 21.543962 42.080109
484 52.053845 28.344118 42.080109
485 49.248287 34.823125 42.080109
486 45.884726 40.907571 42.080109
487 42.001273 46.528519 42.080109
488 37.641929 61.946736 35.768092
489 32.856087 67.357367 35.768092
490 27.697972 72.004813 35.768092
491 22.226027 75.836415 35.768092
492 16.502254 78.808761 35.768092
493 10.591503 80.888172 35.768092
494 4.560746 82.051087 35.768092
495 -1.521686 82.284331 35.768092
496 -7.586877 81.585260 35.768092
497 -13.566105 79.961796 35.768092
498 -19.391624 77.432333 35.768092
499 -24.997428 74.025531 35.768092
500 -30.320002 69.779989 35.768092
501 -35.299037 64.743813 35.768092
502 -39.878121 49.145053 42.080109
503 -44.005369 43.780095 42.080109
504 -47.634019 37.919091 42.080109
505 -50.722956 31.628449 42.080109
506 -53.237182 24.979444 42.080109
507 -55.148210 18.047411 42.080109
508 -56.434386 10.910894 42.080109
509 -57.081138 3.650753 42.080109
510 -57.081138 -3.650753 42.080109
511 -56.434386 -10.910894 42.080109
512 -55.148210 -18.047411 42.080109
513 -53.237182 -24.979444 42.080109
514 -50.722956 -31.628449 42.080109
515 -47.634019 -37.919091 42.080109
516 -44.005369 -43.780095 42.080109
517 -39.878121 -49.145053 42.080109
518 -35.299037 -53.953178 42.080109
519 -30.320002 -58.149991 42.080109
520 -24.997428 -61.687942 42.080109
521 -19.391624 -64.526944 42.080109
522 -13.566105 -66.634830 42.080109
523 -7.586877 -67.987717 42.080109
524 -1.521686 -68.570276 42.080109
525 4.560746 -68.375906 42.080109
526 10.591503 -67.406810 42.080109
527 16.502254 -65.673967 42.080109
528 22.226027 -63.197013 42.080109
529 27.697972 -60.004011 42.080109
530 32.856087 -56.131139 42.080109
531 37.641929 -51.622280 42.080109
532 42.001273 -46.528519 42.080109
533 45.884726 -40.907571 42.080109
534 49.248287 -34.823125 42.080109
535 52.053845 -28.344118 42.080109
536 54.269612 -21.543962 42.080109
537 55.870483 -14.499703 42.080109
538 56.838319 -7.291158 42.080109
539 57.162154 -0.000000 42.080109
540 62.076675 0.000000 36.477159
541 61.724998 7.918015 36.477159
542 60.673952 15.746316 36.477159
543 58.935447 23.396206 36.477159
544 56.529179 30.781006 36.477159
545 53.482413 37.817046 36.477159
546 49.829669 44.424603 36.477159
547 45.612336 60.634574 31.005585
548 40.878197 67.272611 31.005585
549 35.680891 73.148422 31.005585
550 30.079307 78.195432 31.005585
551 24.136912 82.356457 31.005585
552 17.921036 85.584350 31.005585
553 11.502108 87.842539 31.005585
554 4.952856 89.105436 31.005585
555 -1.652513 89.358733 31.005585
556 -8.239159 88.599560 31.005585
557 -14.732452 86.836518 31.005585
558 -21.058821 84.089584 31.005585
559 -27.146584 80.389882 31.005585
560 -32.926766 75.779330 31.005585
561 -38.333875 70.310167 31.005585
562 -43.306645 64.044363 31.005585
563 -47.788734 47.544092 36.477159
564 -51.729357 41.179188 36.477159
565 -55.083866 34.347707 36.477159
566 -57.814253 27.127053 36.477159
567 -59.889581 19.599039 36.477159
568 -61.286337 11.848960 36.477159
569 -61.988693 3.964627 36.477159
570 -61.988693 -3.964627 36.477159
571 -61.286337 -11.848960 36.477159
572 -59.889581 -19.599039 36.477159
573 -57.814253 -27.127053 36.477159
574 -55.083866 -34.347707 36.477159
575 -51.729357 -41.179188 36.477159
576 -47.788734 -47.544092 36.477159
577 -43.306645 -53.370303 36.477159
578 -38.333875 -58.591806 36.477159
579 -32.926766 -63.149441 36.477159
580 -27.146584 -66.991568 36.477159
581 -21.058821 -77.082119 36.477159
582 -14.732452 -79.600142 36.477159
583 -8.239159 -81.216263 36.477159
584 -1.652513 -81.912172 36.477159
585 4.952856 -81.679983 36.477159
586 11.502108 -80.522327 36.477159
587 17.921036 -78.452321 36.477159
588 24.136912 -68.630381 36.477159
589 30.079307 -65.162860 36.477159
590 35.680891 -60.957018 36.477159
591 40.878197 -56.060509 36.477159
592 45.612336 -50.528812 36.477159
593 49.829669 -44.424603 36.477159
594 53.482413 -37.817046 36.477159
595 56.529179 -30.781006 36.477159
596 58.935447 -23.396206 36.477159
597 60.673952 -15.746316 36.477159
598 61.724998 -7.918015 36.477159
599 62.076675 -0.000000 36.477159
600 66.263403 0.000000 30.446549
601 65.888008 8.452042 30.446549
602 64.766075 16.808318 30.446549
603 62.910317 24.974150 30.446549
604 60.341759 32.857015 30.446549
605 57.089506 40.367596 30.446549
606 53.190405 47.420797 30.446549
607 48.688636 64.724041 25.879566
608 43.635205 71.809777 25.879566
609 38.087370 78.081879 25.879566
610 32.107990 83.469282 25.879566
611 25.764813 87.910945 25.879566
612 19.129711 91.356541 25.879566
613 12.277861 93.767032 25.879566
614 5.286899 95.115105 25.879566
615 -1.763966 95.385485 25.879566
616 -8.794845 94.575110 25.879566
617 -15.726075 92.693161 25.879566
618 -22.479122 89.760962 25.879566
619 -28.977471 85.811735 25.879566
620 -35.147495 80.890226 25.879566
621 -40.919283 75.052199 25.879566
622 -46.227439 68.363801 25.879566
623 -51.011820 60.900814 25.879566
624 -55.218216 43.956496 30.446549
625 -58.798968 36.664270 30.446549
626 -61.713505 28.956623 30.446549
627 -63.928802 20.920886 30.446549
628 -65.419761 12.648106 30.446549
629 -66.169488 4.232019 30.446549
630 -66.169488 -4.232019 30.446549
631 -65.419761 -12.648106 30.446549
632 -63.928802 -20.920886 30.446549
633 -61.713505 -28.956623 30.446549
634 -58.798968 -36.664270 30.446549
635 -55.218216 -43.956496 30.446549
636 -51.011820 -50.750678 30.446549
637 -46.227439 -56.969834 30.446549
638 -40.919283 -62.543500 30.446549
639 -35.147495 -67.408522 30.446549
640 -28.977471 -78.660757 30.446549
641 -22.479122 -82.280882 30.446549
642 -15.726075 -84.968731 30.446549
643 -8.794845 -86.693851 30.446549
644 -1.763966 -87.436695 30.446549
645 5.286899 -87.188846 30.446549
646 12.277861 -85.953113 30.446549
647 19.129711 -83.743496 30.446549
648 25.764813 -80.585033 30.446549
649 32.107990 -69.557735 30.446549
650 38.087370 -65.068232 30.446549
651 43.635205 -59.841481 30.446549
652 48.688636 -53.936701 30.446549
653 53.190405 -47.420797 30.446549
654 57.089506 -40.367596 30.446549
655 60.341759 -32.857015 30.446549
656 62.910317 -24.974150 30.446549
657 64.766075 -16.808318 30.446549
658 65.888008 -8.452042 30.446549
659 66.263403 -0.000000 30.446549
660 80.124242 0.000000 -0.941020
661 79.670322 8.886976 -0.941020
662 78.313706 17.673258 -0.941020
663 76.069764 26.259296 -0.941020
664 72.963921 34.547805 -0.941020
665 69.031368 42.444874 -0.941020
666 64.316662 49.861025 -0.941020
667 51.194106 68.054678 20.450133
668 45.880631 75.505038 20.450133
669 40.047309 82.099897 20.450133
670 33.760236 87.764530 20.450133
671 27.090646 92.434757 20.450133
672 20.114107 96.057661 20.450133
673 12.909668 98.592193 20.450133
674 5.558958 100.009636 20.450133
675 -1.854738 100.293930 20.450133
676 -9.247419 99.441854 20.450133
677 -16.535323 97.463062 20.450133
678 -23.635876 94.379974 20.450133
679 -30.468624 90.227524 20.450133
680 -36.956151 85.052759 20.450133
681 -43.024949 78.914313 20.450133
682 -48.606258 71.881736 20.450133
683 -53.636839 64.034711 20.450133
684 -66.768646 46.218455 -0.941020
685 -71.098412 38.550978 -0.941020
686 -74.622605 30.446703 -0.941020
687 -77.301294 21.997454 -0.941020
688 -79.104129 13.298966 -0.941020
689 -80.010682 4.449795 -0.941020
690 -80.010682 -4.449795 -0.941020
691 -79.104129 -13.298966 -0.941020
692 -77.301294 -21.997454 -0.941020
693 -74.622605 -30.446703 -0.941020
694 -71.098412 -38.550978 -0.941020
695 -66.768646 -46.218455 -0.941020
696 -53.636839 -53.362259 24.058980
697 -48.606258 -59.901447 24.058980
698 -43.024949 -65.761928 24.058980
699 -36.956151 -77.965029 24.058980
700 -30.468624 -82.708563 24.058980
701 -23.635876 -86.514976 24.058980
702 -16.535323 -89.341140 24.058980
703 -9.247419 -91.155033 24.058980
704 -1.854738 -91.936103 24.058980
705 5.558958 -91.675500 24.058980
706 12.909668 -90.376177 24.058980
707 20.114107 -88.052856 24.058980
708 27.090646 -84.731861 24.058980
709 33.760236 -80.450820 24.058980
710 40.047309 -68.416581 24.058980
711 45.880631 -62.920865 24.058980
712 51.194106 -56.712231 24.058980
713 64.316662 -49.861025 -0.941020
714 69.031368 -42.444874 -0.941020
715 72.963921 -34.547805 -0.941020
716 76.069764 -26.259296 -0.941020
717 78.313706 -17.673258 -0.941020
718 79.670322 -8.886976 -0.941020
719 80.124242 -0.000000 -0.941020
720 83.106187 0.000000 -7.610658
721 82.635374 9.217718 -7.610658
722 81.228269 18.330995 -7.610658
723 78.900815 27.236575 -7.610658
724 75.679384 35.833554 -7.610658
725 71.600474 44.024524 -7.610658
726 66.710303 62.060014 -10.219059
727 53.099372 70.587435 14.780941
728 47.588148 78.315072 14.780941
729 41.537730 85.155368 14.780941
730 35.016674 91.030820 14.780941
731 28.098865 95.874856 14.780941
732 20.862684 99.632592 14.780941
733 13.390121 102.261450 14.780941
734 5.765843 103.731646 14.780941
735 -1.923765 104.026520 14.780941
736 -9.591576 103.142733 14.780941
737 -17.150710 101.090297 14.780941
738 -24.515521 97.892467 14.780941
739 -31.602560 93.585477 14.780941
740 -38.331530 88.218126 14.780941
741 -44.626188 81.851229 14.780941
742 -50.415214 74.556924 14.780941
743 -63.977967 66.417859 -10.219059
744 -69.253542 47.938545 -7.610658
745 -73.744447 39.985711 -7.610658
746 -77.399798 31.579823 -7.610658
747 -80.178179 22.816123 -7.610658
748 -82.048108 13.793907 -7.610658
749 -82.988400 4.615400 -7.610658
750 -82.988400 -4.615400 -7.610658
751 -82.048108 -13.793907 -7.610658
752 -80.178179 -22.816123 -7.610658
753 -77.399798 -31.579823 -7.610658
754 -73.744447 -39.985711 -7.610658
755 -69.253542 -47.938545 -7.610658
756 -63.977967 -55.348216 -7.610658
757 -50.415214 -62.130770 17.389342
758 -44.626188 -68.209357 17.389342
759 -38.331530 -80.866616 17.389342
760 -31.602560 -85.786687 17.389342
761 -24.515521 -89.734762 17.389342
762 -17.150710 -92.666105 17.389342
763 -9.591576 -94.547505 17.389342
764 -1.923765 -95.357644 17.389342
765 5.765843 -95.087342 17.389342
766 13.390121 -93.739663 17.389342
767 20.862684 -91.329876 17.389342
768 28.098865 -87.885285 17.389342
769 35.016674 -83.444918 17.389342
770 41.537730 -78.059088 17.389342
771 47.588148 -65.262560 17.389342
772 53.099372 -58.822863 17.389342
773 66.710303 -51.716679 -7.610658
774 71.600474 -44.024524 -7.610658
775 75.679384 -35.833554 -7.610658
776 78.900815 -27.236575 -7.610658
777 81.228269 -18.330995 -7.610658
778 82.635374 -9.217718 -7.610658
779 83.106187 -0.000000 -7.610658
780 85.113788 0.000000 -14.484170
781 84.631601 9.440391 -14.484170
782 83.190504 18.773818 -14.484170
783 80.806826 27.894531 -14.484170
784 77.507575 36.699187 -14.484170
785 73.330131 45.088027 -14.484170
786 68.321828 63.559202 -16.061545
787 54.382097 72.292620 8.938455
788 48.737737 80.206934 8.938455
789 42.541160 87.212471 8.938455
790 35.862574 93.229857 8.938455
791 28.777651 98.190910 8.938455
792 21.366665 102.039422 8.938455
793 13.713587 104.731786 8.938455
794 5.905128 106.237497 8.938455
795 -1.970238 106.539495 8.938455
796 -9.823280 105.634357 8.938455
797 -17.565021 103.532341 8.938455
798 -25.107743 100.257261 8.938455
799 -32.365985 95.846227 8.938455
800 -39.257507 90.349216 8.938455
801 -45.704225 83.828513 8.938455
802 -51.633097 76.357999 8.938455
803 -65.523486 68.022319 -16.061545
804 -70.926504 49.096599 -14.484170
805 -75.525896 40.951648 -14.484170
806 -79.269550 32.342698 -14.484170
807 -82.115047 23.367293 -14.484170
808 -84.030149 14.127127 -14.484170
809 -84.993155 4.726895 -14.484170
810 -84.993155 -4.726895 -14.484170
811 -84.030149 -14.127127 -14.484170
812 -82.115047 -23.367293 -14.484170
813 -79.269550 -32.342698 -14.484170
814 -75.525896 -40.951648 -14.484170
815 -70.926504 -49.096599 -14.484170
816 -65.523486 -56.685266 -14.484170
817 -51.633097 -63.631666 10.515830
818 -45.704225 -69.857094 10.515830
819 -39.257507 -82.820115 10.515830
820 -32.365985 -87.859041 10.515830
821 -25.107743 -91.902489 10.515830
822 -17.565021 -94.904646 10.515830
823 -9.823280 -96.831494 10.515830
824 -1.970238 -97.661203 10.515830
825 5.905128 -97.384372 10.515830
826 13.713587 -96.004137 10.515830
827 21.366665 -93.536137 10.515830
828 28.777651 -90.008334 10.515830
829 35.862574 -85.460702 10.515830
830 42.541160 -79.944765 10.515830
831 48.737737 -66.839112 10.515830
832 54.382097 -60.243850 10.515830
833 68.321828 -52.966001 -14.484170
834 73.330131 -45.088027 -14.484170
835 77.507575 -36.699187 -14.484170
836 80.806826 -27.894531 -14.484170
837 83.190504 -18.773818 -14.484170
838 84.631601 -9.440391 -14.484170
839 85.113788 -0.000000 -14.484170
840 86.123507 0.000000 -21.480971
841 85.635600 9.552384 -21.480971
842 84.177408 18.996535 -21.480971
843 81.765452 28.225448 -21.480971
844 78.427060 37.134556 -21.480971
845 74.200059 45.622914 -21.480971
846 69.132341 64.313215 -22.008825
847 63.281327 73.150240 -22.008825
848 49.315921 81.158442 2.991175
849 43.045833 88.247088 2.991175
850 36.288018 94.335858 2.991175
851 29.119045 99.355766 2.991175
852 21.620142 103.249933 2.991175
853 13.876274 105.974237 2.991175
854 5.975182 107.497810 2.991175
855 -1.993611 107.803391 2.991175
856 -9.939816 106.887516 2.991175
857 -17.773398 104.760562 2.991175
858 -25.405601 101.446630 2.991175
859 -32.749948 96.983267 2.991175
860 -39.723225 91.421044 2.991175
861 -46.246422 84.822985 2.991175
862 -52.245629 77.263847 2.991175
863 -66.300802 68.829280 -22.008825
864 -71.767917 49.679040 -21.480971
865 -76.421873 41.437464 -21.480971
866 -80.209938 32.726385 -21.480971
867 -83.089192 23.644503 -21.480971
868 -85.027013 14.294719 -21.480971
869 -86.001444 4.782971 -21.480971
870 -86.001444 -4.782971 -21.480971
871 -85.027013 -14.294719 -21.480971
872 -83.089192 -23.644503 -21.480971
873 -80.209938 -32.726385 -21.480971
874 -76.421873 -41.437464 -21.480971
875 -71.767917 -49.679040 -21.480971
876 -66.300802 -57.357733 -21.480971
877 -52.245629 -64.386540 3.519029
878 -46.246422 -77.754403 3.519029
879 -39.723225 -83.802624 3.519029
880 -32.749948 -88.901328 3.519029
881 -25.405601 -92.992744 3.519029
882 -17.773398 -96.030516 3.519029
883 -9.939816 -97.980223 3.519029
884 -1.993611 -98.819775 3.519029
885 5.975182 -98.539660 3.519029
886 13.876274 -97.143050 3.519029
887 21.620142 -94.645772 3.519029
888 29.119045 -91.076119 3.519029
889 36.288018 -86.474537 3.519029
890 43.045833 -80.893164 3.519029
891 49.315921 -67.632035 3.519029
892 63.281327 -60.958533 -21.480971
893 69.132341 -53.594346 -21.480971
894 74.200059 -45.622914 -21.480971
895 78.427060 -37.134556 -21.480971
896 81.765452 -28.225448 -21.480971
897 84.177408 -18.996535 -21.480971
898 85.635600 -9.552384 -21.480971
899 86.123507 -0.000000 -21.480971
900 86.123507 0.000000 -28.519029
901 85.635600 9.552384 -28.519029
902 84.177408 18.996535 -28.519029
903 81.765452 28.225448 -28.519029
904 78.427060 37.134556 -28.519029
905 74.200059 45.622914 -28.519029
906 69.132341 64.313215 -27.991175
907 63.281327 73.150240 -27.991175
908 49.315921 81.158442 -2.991175
909 43.045833 88.247088 -2.991175
910 36.288018 94.335858 -2.991175
911 29.119045 99.355766 -2.991175
912 21.620142 103.249933 -2.991175
913 13.876274 105.974237 -2.991175
914 5.975182 107.497810 -2.991175
915 -1.993611 107.803391 -2.991175
916 -9.939816 106.887516 -2.991175
917 -17.773398 104.760562 -2.991175
918 -25.405601 101.446630 -2.991175
919 -32.749948 96.983267 -2.991175
920 -39.723225 91.421044 -2.991175
921 -46.246422 84.822985 -2.991175
922 -52.245629 77.263847 -2.991175
923 -66.300802 68.829280 -27.991175
924 -71.767917 49.679040 -28.519029
925 -76.421873 41.437464 -28.519029
926 -80.209938 32.726385 -28.519029
927 -83.089192 23.644503 -28.519029
928 -85.027013 14.294719 -28.519029
929 -86.001444 4.782971 -28.519029
930 -86.001444 -4.782971 -28.519029
931 -85.027013 -14.294719 -28.519029
932 -83.089192 -23.644503 -28.519029
933 -80.209938 -32.726385 -28.519029
934 -76.421873 -41.437464 -28.519029
935 -71.767917 -49.679040 -28.519029
936 -66.300802 -57.357733 -28.519029
937 -52.245629 -64.386540 -3.519029
938 -46.246422 -77.754403 -3.519029
939 -39.723225 -83.802624 -3.519029
940 -32.749948 -88.901328 -3.519029
941 -25.405601 -92.992744 -3.519029
942 -17.773398 -96.030516 -3.519029
943 -9.939816 -97.980223 -3.519029
944 -1.993611 -98.819775 -3.519029
945 5.975182 -98.539660 -3.519029
946 13.876274 -97.143050 -3.519029
947 21.620142 -94.645772 -3.519029
948 29.119045 -91.076119 -3.519029
949 36.288018 -86.474537 -3.519029
950 43.045833 -80.893164 -3.519029
951 49.315921 -67.632035 -3.519029
952 63.281327 -60.958533 -28.519029
953 69.132341 -53.594346 -28.519029
954 74.200059 -45.622914 -28.519029
955 78.427060 -37.134556 -28.519029
956 81.765452 -28.225448 -28.519029
957 84.177408 -18.996535 -28.519029
958 85.635600 -9.552384 -28.519029
959 86.123507 -0.000000 -28.519029
960 85.113788 0.000000 -35.515830
961 84.631601 9.440391 -35.515830
962 83.190504 18.773818 -35.515830
963 80.806826 27.894531 -35.515830
964 77.507575 36.699187 -35.515830
965 73.330131 45.088027 -35.515830
966 68.321828 63.559202 -33.938455
967 54.382097 72.292620 -8.938455
968 48.737737 80.206934 -8.938455
969 42.541160 87.212471 -8.938455
970 35.862574 93.229857 -8.938455
971 28.777651 98.190910 -8.938455
972 21.366665 102.039422 -8.938455
973 13.713587 104.731786 -8.938455
974 5.905128 106.237497 -8.938455
975 -1.970238 106.539495 -8.938455
976 -9.823280 105.634357 -8.938455
977 -17.565021 103.532341 -8.938455
978 -25.107743 100.257261 -8.938455
979 -32.365985 95.846227 -8.938455
980 -39.257507 90.349216 -8.938455
981 -45.704225 83.828513 -8.938455
982 -51.633097 76.357999 -8.938455
983 -65.523486 68.022319 -33.938455
984 -70.926504 49.096599 -35.515830
985 -75.525896 40.951648 -35.515830
986 -79.269550 32.342698 -35.515830
987 -82.115047 23.367293 -35.515830
988 -84.030149 14.127127 -35.515830
989 -84.993155 4.726895 -35.515830
990 -84.993155 -4.726895 -35.515830
991 -84.030149 -14.127127 -35.515830
992 -82.115047 -23.367293 -35.515830
993 -79.269550 -32.342698 -35.515830
994 -75.525896 -40.951648 -35.515830
995 -70.926504 -49.096599 -35.515830
996 -65.523486 -56.685266 -35.515830
997 -51.633097 -63.631666 -10.515830
998 -45.704225 -69.857094 -10.515830
999 -39.257507 -82.820115 -10.515830
1000 -32.365985 -87.859041 -10.515830
1001 -25.107743 -91.902489 -10.515830
1002 -17.565021 -94.904646 -10.515830
1003 -9.823280 -96.831494 -10.515830
1004 -1.970238 -97.661203 -10.515830
1005 5.905128 -97.384372 -10.515830
1006 13.713587 -96.004137 -10.515830
1007 21.366665 -93.536137 -10.515830
1008 28.777651 -90.008334 -10.515830
1009 35.862574 -85.460702 -10.515830
1010 42.541160 -79.944765 -10.515830
1011 48.737737 -66.839112 -10.515830
1012 54.382097 -60.243850 -10.515830
1013 68.321828 -52.966001 -35.515830
1014 73.330131 -45.088027 -35.515830
1015 77.507575 -36.699187 -35.515830
1016 80.806826 -27.894531 -35.515830
1017 83.190504 -18.773818 -35.515830
1018 84.631601 -9.440391 -35.515830
1019 85.113788 -0.000000 -35.515830
1020 83.106187 0.000000 -42.389342
1021 82.635374 9.217718 -42.389342
1022 81.228269 18.330995 -42.389342
1023 78.900815 27.236575 -42.389342
1024 75.679384 35.833554 -42.389342
1025 71.600474 44.024524 -42.389342
1026 66.710303 62.060014 -39.780941
1027 53.099372 70.587435 -14.780941
1028 47.588148 78.315072 -14.780941
1029 41.537730 85.155368 -14.780941
1030 35.016674 91.030820 -14.780941
1031 28.098865 95.874856 -14.780941
1032 20.862684 99.632592 -14.780941
1033 13.390121 102.261450 -14.780941
1034 5.765843 103.731646 -14.780941
1035 -1.923765 104.026520 -14.780941
1036 -9.591576 103.142733 -14.780941
1037 -17.150710 101.090297 -14.780941
1038 -24.515521 97.892467 -14.780941
1039 -31.602560 93.585477 -14.780941
1040 -38.331530 88.218126 -14.780941
1041 -44.626188 81.851229 -14.780941
1042 -50.415214 74.556924 -14.780941
1043 -63.977967 66.417859 -39.780941
1044 -69.253542 47.938545 -42.389342
1045 -73.744447 39.985711 -42.389342
1046 -77.399798 31.579823 -42.389342
1047 -80.178179 22.816123 -42.389342
1048 -82.048108 13.793907 -42.389342
1049 -82.988400 4.615400 -42.389342
1050 -82.988400 -4.615400 -42.389342
1051 -82.048108 -13.793907 -42.389342
1052 -80.178179 -22.816123 -42.389342
1053 -77.399798 -31.579823 -42.389342
1054 -73.744447 -39.985711 -42.389342
1055 -69.253542 -47.938545 -42.389342
1056 -63.977967 -55.348216 -42.389342
1057 -50.415214 -62.130770 -17.389342
1058 -44.626188 -68.209357 -17.389342
1059 -38.331530 -80.866616 -17.389342
1060 -31.602560 -85.786687 -17.389342
1061 -24.515521 -89.734762 -17.389342
1062 -17.150710 -92.666105 -17.389342
1063 -9.591576 -94.547505 -17.389342
1064 -1.923765 -95.357644 -17.389342
1065 5.765843 -95.087342 -17.389342
1066 13.390121 -93.739663 -17.389342
1067 20.862684 -91.329876 -17.389342
1068 28.098865 -87.885285 -17.389342
1069 35.016674 -83.444918 -17.389342
1070 41.537730 -78.059088 -17.389342
1071 47.588148 -65.262560 -17.389342
1072 53.099372 -58.822863 -17.389342
1073 66.710303 -51.716679 -42.389342
1074 71.600474 -44.024524 -42.389342
1075 75.679384 -35.833554 -42.389342
1076 78.900815 -27.236575 -42.389342
1077 81.228269 -18.330995 -42.389342
1078 82.635374 -9.217718 -42.389342
1079 83.106187 -0.000000 -42.389342
1080 80.124242 0.000000 -49.058980
1081 79.670322 8.886976 -49.058980
1082 78.313706 17.673258 -49.058980
1083 76.069764 26.259296 -49.058980
1084 72.963921 34.547805 -49.058980
1085 69.031368 42.444874 -49.058980
1086 64.316662 49.861025 -49.058980
1087 51.194106 68.054678 -20.450133
1088 45.880631 75.505038 -20.450133
1089 40.047309 82.099897 -20.450133
1090 33.760236 87.764530 -20.450133
1091 27.090646 92.434757 -20.450133
1092 20.114107 96.057661 -20.450133
1093 12.909668 98.592193 -20.450133
1094 5.558958 100.009636 -20.450133
1095 -1.854738 100.293930 -20.450133
1096 -9.247419 99.441854 -20.450133
1097 -16.535323 97.463062 -20.450133
1098 -23.635876 94.379974 -20.450133
1099 -30.468624 90.227524 -20.450133
1100 -36.956151 85.052759 -20.450133
1101 -43.024949 78.914313 -20.450133
1102 -48.606258 71.881736 -20.450133
1103 -53.636839 64.034711 -20.450133
1104 -66.768646 46.218455 -49.058980
1105 -71.098412 38.550978 -49.058980
1106 -74.622605 30.446703 -49.058980
1107 -77.301294 21.997454 -49.058980
1108 -79.104129 13.298966 -49.058980
1109 -80.010682 4.449795 -49.058980
1110 -80.010682 -4.449795 -49.058980
1111 -79.104129 -13.298966 -49.058980
1112 -77.301294 -21.997454 -49.058980
1113 -74.622605 -30.446703 -49.058980
1114 -71.098412 -38.550978 -49.058980
1115 -66.768646 -46.218455 -49.058980
1116 -53.636839 -53.362259 -24.058980
1117 -48.606258 -59.901447 -24.058980
1118 -43.024949 -65.761928 -24.058980
1119 -36.956151 -77.965029 -24.058980
1120 -30.468624 -82.708563 -24.058980
1121 -23.635876 -86.514976 -24.058980
1122 -16.535323 -89.341140 -24.058980
1123 -9.247419 -91.155033 -24.058980
1124 -1.854738 -91.936103 -24.058980
1125 5.558958 -91.675500 -24.058980
1126 12.909668 -90.376177 -24.058980
1127 20.114107 -88.052856 -24.058980
1128 27.090646 -84.731861 -24.058980
1129 33.760236 -80.450820 -24.058980
1130 40.047309 -68.416581 -24.058980
1131 45.880631 -62.920865 -24.058980
1132 51.194106 -56.712231 -24.058980
1133 64.316662 -49.861025 -49.058980
1134 69.031368 -42.444874 -49.058980
1135 72.963921 -34.547805 -49.058980
1136 76.069764 -26.259296 -49.058980
1137 78.313706 -17.673258 -49.058980
1138 79.670322 -8.886976 -49.058980
1139 80.124242 -0.000000 -49.058980
1140 76.202914 0.000000 -55.446549
1141 75.771209 8.452042 -55.446549
1142 74.480986 16.808318 -55.446549
1143 72.346864 24.974150 -55.446549
1144 69.393023 32.857015 -55.446549
1145 65.652931 40.367596 -55.446549
1146 53.190405 47.420797 -30.446549
1147 48.688636 64.724041 -25.879566
1148 43.635205 71.809777 -25.879566
1149 38.087370 78.081879 -25.879566
1150 32.107990 83.469282 -25.879566
1151 25.764813 87.910945 -25.879566
1152 19.129711 91.356541 -25.879566
1153 12.277861 93.767032 -25.879566
1154 5.286899 95.115105 -25.879566
1155 -1.763966 95.385485 -25.879566
1156 -8.794845 94.575110 -25.879566
1157 -15.726075 92.693161 -25.879566
1158 -22.479122 89.760962 -25.879566
1159 -28.977471 85.811735 -25.879566
1160 -35.147495 80.890226 -25.879566
1161 -40.919283 75.052199 -25.879566
1162 -46.227439 68.363801 -25.879566
1163 -51.011820 60.900814 -25.879566
1164 -63.500949 43.956496 -55.446549
1165 -67.618814 36.664270 -55.446549
1166 -70.970530 28.956623 -55.446549
1167 -73.518123 20.920886 -55.446549
1168 -75.232725 12.648106 -55.446549
1169 -76.094911 4.232019 -55.446549
1170 -76.094911 -4.232019 -55.446549
1171 -75.232725 -12.648106 -55.446549
1172 -73.518123 -20.920886 -55.446549
1173 -70.970530 -28.956623 -55.446549
1174 -67.618814 -36.664270 -55.446549
1175 -63.500949 -43.956496 -55.446549
1176 -51.011820 -50.750678 -30.446549
1177 -46.227439 -56.969834 -30.446549
1178 -40.919283 -62.543500 -30.446549
1179 -35.147495 -67.408522 -30.446549
1180 -28.977471 -78.660757 -30.446549
1181 -22.479122 -82.280882 -30.446549
1182 -15.726075 -84.968731 -30.446549
1183 -8.794845 -86.693851 -30.446549
1184 -1.763966 -87.436695 -30.446549
1185 5.286899 -87.188846 -30.446549
1186 12.277861 -85.953113 -30.446549
1187 19.129711 -83.743496 -30.446549
1188 25.764813 -80.585033 -30.446549
1189 32.107990 -69.557735 -30.446549
1190 38.087370 -65.068232 -30.446549
1191 43.635205 -59.841481 -30.446549
1192 48.688636 -53.936701 -30.446549
1193 53.190405 -47.420797 -30.446549
1194 65.652931 -40.367596 -55.446549
1195 69.393023 -32.857015 -55.446549
1196 72.346864 -24.974150 -55.446549
1197 74.480986 -16.808318 -55.446549
1198 75.771209 -8.452042 -55.446549
1199 76.202914 -0.000000 -55.446549
1200 71.388176 0.000000 -61.477159
1201 70.983748 7.918015 -61.477159
1202 69.775045 15.746316 -61.477159
1203 67.775764 23.396206 -61.477159
1204 65.008556 30.781006 -61.477159
1205 53.482413 37.817046 -36.477159
1206 49.829669 44.424603 -36.477159
1207 45.612336 60.634574 -31.005585
1208 40.878197 67.272611 -31.005585
1209 35.680891 73.148422 -31.005585
1210 30.079307 78.195432 -31.005585
1211 24.136912 82.356457 -31.005585
1212 17.921036 85.584350 -31.005585
1213 11.502108 87.842539 -31.005585
1214 4.952856 89.105436 -31.005585
1215 -1.652513 89.358733 -31.005585
1216 -8.239159 88.599560 -31.005585
1217 -14.732452 86.836518 -31.005585
1218 -21.058821 84.089584 -31.005585
1219 -27.146584 80.389882 -31.005585
1220 -32.926766 75.779330 -31.005585
1221 -38.333875 70.310167 -31.005585
1222 -43.306645 64.044363 -31.005585
1223 -47.788734 47.544092 -36.477159
1224 -51.729357 41.179188 -36.477159
1225 -63.346446 34.347707 -61.477159
1226 -66.486391 27.127053 -61.477159
1227 -68.873019 19.599039 -61.477159
1228 -70.479287 11.848960 -61.477159
1229 -71.286997 3.964627 -61.477159
1230 -71.286997 -3.964627 -61.477159
1231 -70.479287 -11.848960 -61.477159
1232 -68.873019 -19.599039 -61.477159
1233 -66.486391 -27.127053 -61.477159
1234 -63.346446 -34.347707 -61.477159
1235 -51.729357 -41.179188 -36.477159
1236 -47.788734 -47.544092 -36.477159
1237 -43.306645 -53.370303 -36.477159
1238 -38.333875 -58.591806 -36.477159
1239 -32.926766 -63.149441 -36.477159
1240 -27.146584 -66.991568 -36.477159
1241 -21.058821 -77.082119 -36.477159
1242 -14.732452 -79.600142 -36.477159
1243 -8.239159 -81.216263 -36.477159
1244 -1.652513 -81.912172 -36.477159
1245 4.952856 -81.679983 -36.477159
1246 11.502108 -80.522327 -36.477159
1247 17.921036 -78.452321 -36.477159
1248 24.136912 -68.630381 -36.477159
1249 30.079307 -65.162860 -36.477159
1250 35.680891 -60.957018 -36.477159
1251 40.878197 -56.060509 -36.477159
1252 45.612336 -50.528812 -36.477159
1253 49.829669 -44.424603 -36.477159
1254 53.482413 -37.817046 -36.477159
1255 65.008556 -30.781006 -61.477159
1256 67.775764 -23.396206 -61.477159
1257 69.775045 -15.746316 -61.477159
1258 70.983748 -7.918015 -61.477159
1259 71.388176 -0.000000 -61.477159
1260 65.736477 0.000000 -67.080109
1261 65.364067 7.291158 -67.080109
1262 64.251056 14.499703 -67.080109
1263 54.269612 21.543962 -42.080109
1264 52.053845 28.344118 -42.080109
1265 49.248287 34.823125 -42.080109
1266 45.884726 40.907571 -42.080109
1267 42.001273 46.528519 -42.080109
1268 37.641929 61.946736 -35.768092
1269 32.856087 67.357367 -35.768092
1270 27.697972 72.004813 -35.768092
1271 22.226027 75.836415 -35.768092
1272 16.502254 78.808761 -35.768092
1273 10.591503 80.888172 -35.768092
1274 4.560746 82.051087 -35.768092
1275 -1.521686 82.284331 -35.768092
1276 -7.586877 81.585260 -35.768092
1277 -13.566105 79.961796 -35.768092
1278 -19.391624 77.432333 -35.768092
1279 -24.997428 74.025531 -35.768092
1280 -30.320002 69.779989 -35.768092
1281 -35.299037 64.743813 -35.768092
1282 -39.878121 49.145053 -42.080109
1283 -44.005369 43.780095 -42.080109
1284 -47.634019 37.919091 -42.080109
1285 -50.722956 31.628449 -42.080109
1286 -53.237182 24.979444 -42.080109
1287 -63.420441 18.047411 -67.080109
1288 -64.899544 10.910894 -67.080109
1289 -65.643309 3.650753 -67.080109
1290 -65.643309 -3.650753 -67.080109
1291 -64.899544 -10.910894 -67.080109
1292 -63.420441 -18.047411 -67.080109
1293 -53.237182 -24.979444 -42.080109
1294 -50.722956 -31.628449 -42.080109
1295 -47.634019 -37.919091 -42.080109
1296 -44.005369 -43.780095 -42.080109
1297 -39.878121 -49.145053 -42.080109
1298 -35.299037 -53.953178 -42.080109
1299 -30.320002 -58.149991 -42.080109
1300 -24.997428 -61.687942 -42.080109
1301 -19.391624 -64.526944 -42.080109
1302 -13.566105 -66.634830 -42.080109
1303 -7.586877 -67.987717 -42.080109
1304 -1.521686 -68.570276 -42.080109
1305 4.560746 -68.375906 -42.080109
1306 10.591503 -67.406810 -42.080109
1307 16.502254 -65.673967 -42.080109
1308 22.226027 -63.197013 -42.080109
1309 27.697972 -60.004011 -42.080109
1310 32.856087 -56.131139 -42.080109
1311 37.641929 -51.622280 -42.080109
1312 42.001273 -46.528519 -42.080109
1313 45.884726 -40.907571 -42.080109
1314 49.248287 -34.823125 -42.080109
1315 52.053845 -28.344118 -42.080109
1316 54.269612 -21.543962 -42.080109
1317 64.251056 -14.499703 -67.080109
1318 65.364067 -7.291158 -67.080109
1319 65.736477 -0.000000 -67.080109
1320 51.577459 0.000000 -47.189707
1321 51.285263 6.578818 -47.189707
1322 50.411984 13.083094 -47.189707
1323 48.967517 19.439135 -47.189707
1324 46.968228 25.574922 -47.189707
1325 44.436771 31.420935 -47.189707
1326 41.401827 36.910936 -47.189707
1327 37.897784 41.982721 -47.189707
1328 33.964344 46.578826 -47.189707
1329 29.646074 60.776609 -40.111251
1330 24.991903 64.970003 -40.111251
1331 20.054563 68.427261 -40.111251
1332 14.889997 71.109211 -40.111251
1333 9.556722 72.985465 -40.111251
1334 4.115165 74.034764 -40.111251
1335 -1.373019 74.245221 -40.111251
1336 -6.845645 73.614449 -40.111251
1337 -12.240708 72.149596 -40.111251
1338 -17.497079 69.867259 -40.111251
1339 -22.555201 66.793298 -40.111251
1340 -27.357763 62.962543 -40.111251
1341 -31.850351 48.681997 -47.189707
1342 -35.982061 44.343622 -47.189707
1343 -39.706081 39.502816 -47.189707
1344 -42.980215 34.214428 -47.189707
1345 -45.767366 28.538376 -47.189707
1346 -48.035954 22.538973 -47.189707
1347 -49.760276 16.284194 -47.189707
1348 -50.920793 9.844909 -47.189707
1349 -51.504358 3.294077 -47.189707
1350 -51.504358 -3.294077 -47.189707
1351 -50.920793 -9.844909 -47.189707
1352 -49.760276 -16.284194 -47.189707
1353 -48.035954 -22.538973 -47.189707
1354 -45.767366 -28.538376 -47.189707
1355 -42.980215 -34.214428 -47.189707
1356 -39.706081 -39.502816 -47.189707
1357 -35.982061 -44.343622 -47.189707
1358 -31.850351 -48.681997 -47.189707
1359 -27.357763 -52.468786 -47.189707
1360 -22.555201 -55.661082 -47.189707
1361 -17.497079 -58.222716 -47.189707
1362 -12.240708 -60.124663 -47.189707
1363 -6.845645 -61.345374 -47.189707
1364 -1.373019 -61.871017 -47.189707
1365 4.115165 -61.695637 -47.189707
1366 9.556722 -60.821221 -47.189707
1367 14.889997 -59.257676 -47.189707
1368 20.054563 -57.022717 -47.189707
1369 24.991903 -54.141669 -47.189707
1370 29.646074 -50.647174 -47.189707
1371 33.964344 -46.578826 -47.189707
1372 37.897784 -41.982721 -47.189707
1373 41.401827 -36.910936 -47.189707
1374 44.436771 -31.420935 -47.189707
1375 46.968228 -25.574922 -47.189707
1376 48.967517 -19.439135 -47.189707
1377 50.411984 -13.083094 -47.189707
1378 51.285263 -6.578818 -47.189707
1379 51.577459 -0.000000 -47.189707
1380 45.388066 0.000000 -51.746049
1381 45.130934 5.789347 -51.746049
1382 44.362450 11.513098 -51.746049
1383 43.091321 17.106401 -51.746049
1384 41.331951 22.505882 -51.746049
1385 39.104274 27.650363 -51.746049
1386 36.433529 32.481553 -51.746049
1387 33.349978 36.944715 -51.746049
1388 29.888558 40.989278 -51.746049
1389 26.088489 44.569417 -51.746049
1390 21.992827 47.644566 -51.746049
1391 17.647977 60.215859 -43.984142
1392 13.103169 62.575970 -43.984142
1393 8.409897 64.227070 -43.984142
1394 3.621337 65.150452 -43.984142
1395 -1.208254 65.335653 -43.984142
1396 -6.024155 64.780575 -43.984142
1397 -10.771800 63.491507 -43.984142
1398 -15.397396 61.483055 -43.984142
1399 -19.848534 48.981646 -51.746049
1400 -24.074779 46.172432 -51.746049
1401 -28.028248 42.840065 -51.746049
1402 -31.664146 39.022303 -51.746049
1403 -34.941276 34.762403 -51.746049
1404 -37.822507 30.108631 -51.746049
1405 -40.275195 25.113716 -51.746049
1406 -42.271548 19.834253 -51.746049
1407 -43.788948 14.330060 -51.746049
1408 -44.810201 8.663501 -51.746049
1409 -45.323737 2.898782 -51.746049
1410 -45.323737 -2.898782 -51.746049
1411 -44.810201 -8.663501 -51.746049
1412 -43.788948 -14.330060 -51.746049
1413 -42.271548 -19.834253 -51.746049
1414 -40.275195 -25.113716 -51.746049
1415 -37.822507 -30.108631 -51.746049
1416 -34.941276 -34.762403 -51.746049
1417 -31.664146 -39.022303 -51.746049
1418 -28.028248 -42.840065 -51.746049
1419 -24.074779 -46.172432 -51.746049
1420 -19.848534 -48.981646 -51.746049
1421 -15.397396 -51.235879 -51.746049
1422 -10.771800 -52.909589 -51.746049
1423 -6.024155 -53.983812 -51.746049
1424 -1.208254 -54.446377 -51.746049
1425 3.621337 -54.292043 -51.746049
1426 8.409897 -53.522558 -51.746049
1427 13.103169 -52.146642 -51.746049
1428 17.647977 -50.179883 -51.746049
1429 21.992827 -47.644566 -51.746049
1430 26.088489 -44.569417 -51.746049
1431 29.888558 -40.989278 -51.746049
1432 33.349978 -36.944715 -51.746049
1433 36.433529 -32.481553 -51.746049
1434 39.104274 -27.650363 -51.746049
1435 41.331951 -22.505882 -51.746049
1436 43.091321 -17.106401 -51.746049
1437 44.362450 -11.513098 -51.746049
1438 45.130934 -5.789347 -51.746049
1439 45.388066 -0.000000 -51.746049
1440 38.666539 0.000000 -55.695716
1441 38.447486 4.932001 -55.695716
1442 37.792807 9.808121 -55.695716
1443 36.709920 14.573111 -55.695716
1444 35.211095 19.172982 -55.695716
1445 33.313315 23.555616 -55.695716
1446 31.038081 27.671354 -55.695716
1447 28.411174 31.473566 -55.695716
1448 25.462356 34.919169 -55.695716
1449 22.225040 37.969124 -55.695716
1450 18.735905 40.588873 -55.695716
1451 15.034485 42.748735 -55.695716
1452 11.162719 44.424236 -55.695716
1453 7.164474 45.596393 -55.695716
1454 3.085053 46.251925 -55.695716
1455 -1.029323 46.383404 -55.695716
1456 -5.132037 45.989340 -55.695716
1457 -9.176602 45.074199 -55.695716
1458 -13.117193 43.648349 -55.695716
1459 -16.909161 41.727945 -55.695716
1460 -20.509541 39.334748 -55.695716
1461 -23.877540 36.495872 -55.695716
1462 -26.974997 33.243483 -55.695716
1463 -29.766816 29.614433 -55.695716
1464 -32.221365 25.649839 -55.695716
1465 -34.310834 21.394622 -55.695716
1466 -36.011547 16.896995 -55.695716
1467 -37.304235 12.207919 -55.695716
1468 -38.174251 7.380522 -55.695716
1469 -38.611737 2.469501 -55.695716
1470 -38.611737 -2.469501 -55.695716
1471 -38.174251 -7.380522 -55.695716
1472 -37.304235 -12.207919 -55.695716
1473 -36.011547 -16.896995 -55.695716
1474 -34.310834 -21.394622 -55.695716
1475 -32.221365 -25.649839 -55.695716
1476 -29.766816 -29.614433 -55.695716
1477 -26.974997 -33.243483 -55.695716
1478 -23.877540 -36.495872 -55.695716
1479 -20.509541 -39.334748 -55.695716
1480 -16.909161 -41.727945 -55.695716
1481 -13.117193 -43.648349 -55.695716
1482 -9.176602 -45.074199 -55.695716
1483 -5.132037 -45.989340 -55.695716
1484 -1.029323 -46.383404 -55.695716
1485 3.085053 -46.251925 -55.695716
1486 7.164474 -45.596393 -55.695716
1487 11.162719 -44.424236 -55.695716
1488 15.034485 -42.748735 -55.695716
1489 18.735905 -40.588873 -55.695716
1490 22.225040 -37.969124 -55.695716
1491 25.462356 -34.919169 -55.695716
1492 28.411174 -31.473566 -55.695716
1493 31.038081 -27.671354 -55.695716
1494 33.313315 -23.555616 -55.695716
1495 35.211095 -19.172982 -55.695716
1496 36.709920 -14.573111 -55.695716
1497 37.792807 -9.808121 -55.695716
1498 38.447486 -4.932001 -55.695716
1499 38.666539 -0.000000 -55.695716
1500 31.491683 0.000000 -58.992402
1501 31.313276 4.016833 -58.992402
1502 30.780077 7.988153 -58.992402
1503 29.898128 11.868965 -58.992402
1504 28.677421 15.615296 -58.992402
1505 27.131788 19.184700 -58.992402
1506 25.278740 22.536734 -58.992402
1507 23.139274 25.633417 -58.992402
1508 20.737631 28.439664 -58.992402
1509 18.101023 30.923678 -58.992402
1510 15.259322 33.057314 -58.992402
1511 12.244728 34.816397 -58.992402
1512 9.091395 36.180997 -58.992402
1513 5.835054 37.135652 -58.992402
1514 2.512599 37.669545 -58.992402
1515 -0.838325 37.776627 -58.992402
1516 -4.179750 37.455684 -58.992402
1517 -7.473817 36.710354 -58.992402
1518 -10.683203 35.549081 -58.992402
1519 -13.771543 33.985023 -58.992402
1520 -16.703847 32.035900 -58.992402
1521 -19.446889 29.723798 -58.992402
1522 -21.969590 27.074914 -58.992402
1523 -24.243367 24.119260 -58.992402
1524 -26.242457 20.890325 -58.992402
1525 -27.944210 17.424694 -58.992402
1526 -29.329343 13.761635 -58.992402
1527 -30.382164 9.942651 -58.992402
1528 -31.090742 6.011013 -58.992402
1529 -31.447049 2.011267 -58.992402
1530 -31.447049 -2.011267 -58.992402
1531 -31.090742 -6.011013 -58.992402
1532 -30.382164 -9.942651 -58.992402
1533 -29.329343 -13.761635 -58.992402
1534 -27.944210 -17.424694 -58.992402
1535 -26.242457 -20.890325 -58.992402
1536 -24.243367 -24.119260 -58.992402
1537 -21.969590 -27.074914 -58.992402
1538 -19.446889 -29.723798 -58.992402
1539 -16.703847 -32.035900 -58.992402
1540 -13.771543 -33.985023 -58.992402
1541 -10.683203 -35.549081 -58.992402
1542 -7.473817 -36.710354 -58.992402
1543 -4.179750 -37.455684 -58.992402
1544 -0.838325 -37.776627 -58.992402
1545 2.512599 -37.669545 -58.992402
1546 5.835054 -37.135652 -58.992402
1547 9.091395 -36.180997 -58.992402
1548 12.244728 -34.816397 -58.992402
1549 15.259322 -33.057314 -58.992402
1550 18.101023 -30.923678 -58.992402
1551 20.737631 -28.439664 -58.992402
1552 23.139274 -25.633417 -58.992402
1553 25.278740 -22.536734 -58.992402
1554 27.131788 -19.184700 -58.992402
1555 28.677421 -15.615296 -58.992402
1556 29.898128 -11.868965 -58.992402
1557 30.780077 -7.988153 -58.992402
1558 31.313276 -4.016833 -58.992402
1559 31.491683 -0.000000 -58.992402
1560 23.947615 0.000000 -61.597456
1561 23.811947 3.054571 -61.597456
1562 23.406480 6.074532 -61.597456
1563 22.735808 9.025666 -61.597456
1564 21.807531 11.874535 -61.597456
1565 20.632165 14.588862 -61.597456
1566 19.223029 17.137891 -61.597456
1567 17.596088 19.492741 -61.597456
1568 15.769777 21.626730 -61.597456
1569 13.764787 23.515680 -61.597456
1570 11.603838 25.138187 -61.597456
1571 9.311412 26.475869 -61.597456
1572 6.913484 27.513569 -61.597456
1573 4.437223 28.239529 -61.597456
1574 1.910687 28.645524 -61.597456
1575 -0.637498 28.726954 -61.597456
1576 -3.178460 28.482895 -61.597456
1577 -5.683408 27.916115 -61.597456
1578 -8.123962 27.033033 -61.597456
1579 -10.472467 25.843657 -61.597456
1580 -12.702316 24.361461 -61.597456
1581 -14.788242 22.603240 -61.597456
1582 -16.706611 20.588916 -61.597456
1583 -18.435688 18.341311 -61.597456
1584 -19.955881 15.885892 -61.597456
1585 -21.249966 13.250479 -61.597456
1586 -22.303280 10.464933 -61.597456
1587 -23.103889 7.560815 -61.597456
1588 -23.642722 4.571030 -61.597456
1589 -23.913674 1.529453 -61.597456
1590 -23.913674 -1.529453 -61.597456
1591 -23.642722 -4.571030 -61.597456
1592 -23.103889 -7.560815 -61.597456
1593 -22.303280 -10.464933 -61.597456
1594 -21.249966 -13.250479 -61.597456
1595 -19.955881 -15.885892 -61.597456
1596 -18.435688 -18.341311 -61.597456
1597 -16.706611 -20.588916 -61.597456
1598 -14.788242 -22.603240 -61.597456
1599 -12.702316 -24.361461 -61.597456
1600 -10.472467 -25.843657 -61.597456
1601 -8.123962 -27.033033 -61.597456
1602 -5.683408 -27.916115 -61.597456
1603 -3.178460 -28.482895 -61.597456
1604 -0.637498 -28.726954 -61.597456
1605 1.910687 -28.645524 -61.597456
1606 4.437223 -28.239529 -61.597456
1607 6.913484 -27.513569 -61.597456
1608 9.311412 -26.475869 -61.597456
1609 11.603838 -25.138187 -61.597456
1610 13.764787 -23.515680 -61.597456
1611 15.769777 -21.626730 -61.597456
1612 17.596088 -19.492741 -61.597456
1613 19.223029 -17.137891 -61.597456
1614 20.632165 -14.588862 -61.597456
1615 21.807531 -11.874535 -61.597456
1616 22.735808 -9.025666 -61.597456
1617 23.406480 -6.074532 -61.597456
1618 23.811947 -3.054571 -61.597456
1619 23.947615 -0.000000 -61.597456
1620 16.122783 0.000000 -63.480336
1621 16.031444 2.056496 -63.480336
1622 15.758463 4.089691 -63.480336
1623 15.306932 6.076549 -63.480336
1624 14.681967 7.994556 -63.480336
1625 13.890650 9.821983 -63.480336
1626 12.941946 11.538122 -63.480336
1627 11.846604 13.123529 -63.480336
1628 10.617036 14.560242 -63.480336
1629 9.267173 15.831982 -63.480336
1630 7.812309 16.924338 -63.480336
1631 6.268928 17.824936 -63.480336
1632 4.654518 18.523569 -63.480336
1633 2.987370 19.012323 -63.480336
1634 1.286374 19.285660 -63.480336
1635 -0.429197 19.340483 -63.480336
1636 -2.139905 19.176170 -63.480336
1637 -3.826367 18.794584 -63.480336
1638 -5.469475 18.200048 -63.480336
1639 -7.050611 17.399297 -63.480336
1640 -8.551861 16.401406 -63.480336
1641 -9.956215 15.217680 -63.480336
1642 -11.247762 13.861532 -63.480336
1643 -12.411866 12.348327 -63.480336
1644 -13.435340 10.695211 -63.480336
1645 -14.306585 8.920913 -63.480336
1646 -15.015731 7.045538 -63.480336
1647 -15.554743 5.090335 -63.480336
1648 -15.917513 3.077455 -63.480336
1649 -16.099932 1.029707 -63.480336
1650 -16.099932 -1.029707 -63.480336
1651 -15.917513 -3.077455 -63.480336
1652 -15.554743 -5.090335 -63.480336
1653 -15.015731 -7.045538 -63.480336
1654 -14.306585 -8.920913 -63.480336
1655 -13.435340 -10.695211 -63.480336
1656 -12.411866 -12.348327 -63.480336
1657 -11.247762 -13.861532 -63.480336
1658 -9.956215 -15.217680 -63.480336
1659 -8.551861 -16.401406 -63.480336
1660 -7.050611 -17.399297 -63.480336
1661 -5.469475 -18.200048 -63.480336
1662 -3.826367 -18.794584 -63.480336
1663 -2.139905 -19.176170 -63.480336
1664 -0.429197 -19.340483 -63.480336
1665 1.286374 -19.285660 -63.480336
1666 2.987370 -19.012323 -63.480336
1667 4.654518 -18.523569 -63.480336
1668 6.268928 -17.824936 -63.480336
1669 7.812309 -16.924338 -63.480336
1670 9.267173 -15.831982 -63.480336
1671 10.617036 -14.560242 -63.480336
1672 11.846604 -13.123529 -63.480336
1673 12.941946 -11.538122 -63.480336
1674 13.890650 -9.821983 -63.480336
1675 14.681967 -7.994556 -63.480336
1676 15.306932 -6.076549 -63.480336
1677 15.758463 -4.089691 -63.480336
1678 16.031444 -2.056496 -63.480336
1679 16.122783 -0.000000 -63.480336
1680 8.108926 0.000000 -64.618967
1681 8.062988 1.034311 -64.618967
1682 7.925692 2.056903 -64.618967
1683 7.698595 3.056190 -64.618967
1684 7.384270 4.020849 -64.618967
1685 6.986279 4.939950 -64.618967
1686 6.509130 5.803079 -64.618967
1687 5.958229 6.600457 -64.618967
1688 5.339820 7.323049 -64.618967
1689 4.660909 7.962668 -64.618967
1690 3.929187 8.512067 -64.618967
1691 3.152947 8.965021 -64.618967
1692 2.340982 9.316398 -64.618967
1693 1.502493 9.562216 -64.618967
1694 0.646980 9.699690 -64.618967
1695 -0.215864 9.727263 -64.618967
1696 -1.076262 9.644622 -64.618967
1697 -1.924465 9.452704 -64.618967
1698 -2.750863 9.153683 -64.618967
1699 -3.546093 8.750947 -64.618967
1700 -4.301144 8.249059 -64.618967
1701 -5.007462 7.653706 -64.618967
1702 -5.657043 6.971634 -64.618967
1703 -6.242527 6.210570 -64.618967
1704 -6.757281 5.379138 -64.618967
1705 -7.195473 4.486758 -64.618967
1706 -7.552136 3.543542 -64.618967
1707 -7.823232 2.560175 -64.618967
1708 -8.005686 1.547801 -64.618967
1709 -8.097434 0.517890 -64.618967
1710 -8.097434 -0.517890 -64.618967
1711 -8.005686 -1.547801 -64.618967
1712 -7.823232 -2.560175 -64.618967
1713 -7.552136 -3.543542 -64.618967
1714 -7.195473 -4.486758 -64.618967
1715 -6.757281 -5.379138 -64.618967
1716 -6.242527 -6.210570 -64.618967
1717 -5.657043 -6.971634 -64.618967
1718 -5.007462 -7.653706 -64.618967
1719 -4.301144 -8.249059 -64.618967
1720 -3.546093 -8.750947 -64.618967
1721 -2.750863 -9.153683 -64.618967
1722 -1.924465 -9.452704 -64.618967
1723 -1.076262 -9.644622 -64.618967
1724 -0.215864 -9.727263 -64.618967
1725 0.646980 -9.699690 -64.618967
1726 1.502493 -9.562216 -64.618967
1727 2.340982 -9.316398 -64.618967
1728 3.152947 -8.965021 -64.618967
1729 3.929187 -8.512067 -64.618967
1730 4.660909 -7.962668 -64.618967
1731 5.339820 -7.323049 -64.618967
1732 5.958229 -6.600457 -64.618967
1733 6.509130 -5.803079 -64.618967
1734 6.986279 -4.939950 -64.618967
1735 7.384270 -4.020849 -64.618967
1736 7.698595 -3.056190 -64.618967
1737 7.925692 -2.056903 -64.618967
1738 8.062988 -1.034311 -64.618967
1739 8.108926 -0.000000 -64.618967
1740 0.000000 0.000000 -65.000000
1741 0.000000 0.000000 -65.000000
1742 0.000000 0.000000 -65.000000
1743 0.000000 0.000000 -65.000000
1744 0.000000 0.000000 -65.000000
1745 0.000000 0.000000 -65.000000
1746 0.000000 0.000000 -65.000000
1747 0.000000 0.000000 -65.000000
1748 0.000000 0.000000 -65.000000
1749 0.000000 0.000000 -65.000000
1750 0.000000 0.000000 -65.000000
1751 0.000000 0.000000 -65.000000
1752 0.000000 0.000000 -65.000000
1753 0.000000 0.000000 -65.000000
1754 0.000000 0.000000 -65.000000
1755 -0.000000 0.000000 -65.000000
1756 -0.000000 0.000000 -65.000000
1757 -0.000000 0.000000 -65.000000
1758 -0.000000 0.000000 -65.000000
1759 -0.000000 0.000000 -65.000000
1760 -0.000000 0.000000 -65.000000
1761 -0.000000 0.000000 -65.000000
1762 -0.000000 0.000000 -65.000000
1763 -0.000000 0.000000 -65.000000
1764 -0.000000 0.000000 -65.000000
1765 -0.000000 0.000000 -65.000000
1766 -0.000000 0.000000 -65.000000
1767 -0.000000 0.000000 -65.000000
1768 -0.000000 0.000000 -65.000000
1769 -0.000000 0.000000 -65.000000
1770 -0.000000 -0.000000 -65.000000
1771 -0.000000 -0.000000 -65.000000
1772 -0.000000 -0.000000 -65.000000
1773 -0.000000 -0.000000 -65.000000
1774 -0.000000 -0.000000 -65.000000
1775 -0.000000 -0.000000 -65.000000
1776 -0.000000 -0.000000 -65.000000
1777 -0.000000 -0.000000 -65.000000
1778 -0.000000 -0.000000 -65.000000
1779 -0.000000 -0.000000 -65.000000
1780 -0.000000 -0.000000 -65.000000
1781 -0.000000 -0.000000 -65.000000
1782 -0.000000 -0.000000 -65.000000
1783 -0.000000 -0.000000 -65.000000
1784 -0.000000 -0.000000 -65.000000
1785 0.000000 -0.000000 -65.000000
1786 0.000000 -0.000000 -65.000000
1787 0.000000 -0.000000 -65.000000
1788 0.000000 -0.000000 -65.000000
1789 0.000000 -0.000000 -65.000000
1790 0.000000 -0.000000 -65.000000
1791 0.000000 -0.000000 -65.000000
1792 0.000000 -0.000000 -65.000000
1793 0.000000 -0.000000 -65.000000
1794 0.000000 -0.000000 -65.000000
1795 0.000000 -0.000000 -65.000000
1796 0.000000 -0.000000 -65.000000
1797 0.000000 -0.000000 -65.000000
1798 0.000000 -0.000000 -65.000000
1799 0.000000 -0.000000 -65.000000
